  0.0000    3    4.000   1.0000          x1c2
  4.0000    0    8.000   1.0000          NULL 
 12.0000    4    4.000   1.0000          x2c2
 16.0000    0    8.000   1.0000          NULL 
 24.0000    1    4.000   1.0000          x1c1
 28.0000    0   10.000   1.0000          NULL 
 38.0000    4    4.000   1.0000          x2c2
 42.0000    0    6.000   1.0000          NULL 
 48.0000    1    4.000   1.0000          x1c1
 52.0000    0    2.000   1.0000          NULL 
 54.0000    1    4.000   1.0000          x1c1
 58.0000    0    6.000   1.0000          NULL 
 64.0000    2    4.000   1.0000          x2c1
 68.0000    0   14.000   1.0000          NULL 
 82.0000    2    4.000   1.0000          x2c1
 86.0000    0    8.000   1.0000          NULL 
 94.0000    3    4.000   1.0000          x1c2
 98.0000    0   10.000   1.0000          NULL 
108.0000    3    4.000   1.0000          x1c2
112.0000    0    4.000   1.0000          NULL 
116.0000    3    4.000   1.0000          x1c2
120.0000    0   14.000   1.0000          NULL 
134.0000    4    4.000   1.0000          x2c2
138.0000    0    2.000   1.0000          NULL 
140.0000    3    4.000   1.0000          x1c2
144.0000    0   14.000   1.0000          NULL 
158.0000    2    4.000   1.0000          x2c1
162.0000    0   10.000   1.0000          NULL 
172.0000    1    4.000   1.0000          x1c1
176.0000    0    4.000   1.0000          NULL 
180.0000    1    4.000   1.0000          x1c1
184.0000    0   14.000   1.0000          NULL 
198.0000    2    4.000   1.0000          x2c1
202.0000    0    4.000   1.0000          NULL 
206.0000    2    4.000   1.0000          x2c1
210.0000    0    4.000   1.0000          NULL 
214.0000    4    4.000   1.0000          x2c2
218.0000    0    8.000   1.0000          NULL 
226.0000    4    4.000   1.0000          x2c2
230.0000    0   10.000   1.0000          NULL 
