  0.0000    3    4.000   1.0000          x1c2
  4.0000    0    8.000   1.0000          NULL 
 12.0000    1    4.000   1.0000          x1c1
 16.0000    0    6.000   1.0000          NULL 
 22.0000    1    4.000   1.0000          x1c1
 26.0000    0    4.000   1.0000          NULL 
 30.0000    2    4.000   1.0000          x2c1
 34.0000    0    2.000   1.0000          NULL 
 36.0000    3    4.000   1.0000          x1c2
 40.0000    0   10.000   1.0000          NULL 
 50.0000    1    4.000   1.0000          x1c1
 54.0000    0    6.000   1.0000          NULL 
 60.0000    2    4.000   1.0000          x2c1
 64.0000    0   14.000   1.0000          NULL 
 78.0000    3    4.000   1.0000          x1c2
 82.0000    0   12.000   1.0000          NULL 
 94.0000    2    4.000   1.0000          x2c1
 98.0000    0    8.000   1.0000          NULL 
106.0000    2    4.000   1.0000          x2c1
110.0000    0    4.000   1.0000          NULL 
114.0000    4    4.000   1.0000          x2c2
118.0000    0   10.000   1.0000          NULL 
128.0000    1    4.000   1.0000          x1c1
132.0000    0    8.000   1.0000          NULL 
140.0000    3    4.000   1.0000          x1c2
144.0000    0    8.000   1.0000          NULL 
152.0000    4    4.000   1.0000          x2c2
156.0000    0    6.000   1.0000          NULL 
162.0000    2    4.000   1.0000          x2c1
166.0000    0    2.000   1.0000          NULL 
168.0000    4    4.000   1.0000          x2c2
172.0000    0    6.000   1.0000          NULL 
178.0000    1    4.000   1.0000          x1c1
182.0000    0    8.000   1.0000          NULL 
190.0000    4    4.000   1.0000          x2c2
194.0000    0    6.000   1.0000          NULL 
200.0000    4    4.000   1.0000          x2c2
204.0000    0   12.000   1.0000          NULL 
216.0000    3    4.000   1.0000          x1c2
220.0000    0   20.000   1.0000          NULL 
