  0.0000    4    4.000   1.0000          x2c2
  4.0000    0    2.000   1.0000          NULL 
  6.0000    4    4.000   1.0000          x2c2
 10.0000    0    8.000   1.0000          NULL 
 18.0000    2    4.000   1.0000          x2c1
 22.0000    0    6.000   1.0000          NULL 
 28.0000    1    4.000   1.0000          x1c1
 32.0000    0    8.000   1.0000          NULL 
 40.0000    3    4.000   1.0000          x1c2
 44.0000    0    6.000   1.0000          NULL 
 50.0000    3    4.000   1.0000          x1c2
 54.0000    0   14.000   1.0000          NULL 
 68.0000    4    4.000   1.0000          x2c2
 72.0000    0    8.000   1.0000          NULL 
 80.0000    2    4.000   1.0000          x2c1
 84.0000    0    4.000   1.0000          NULL 
 88.0000    2    4.000   1.0000          x2c1
 92.0000    0    8.000   1.0000          NULL 
100.0000    1    4.000   1.0000          x1c1
104.0000    0   10.000   1.0000          NULL 
114.0000    1    4.000   1.0000          x1c1
118.0000    0   12.000   1.0000          NULL 
130.0000    3    4.000   1.0000          x1c2
134.0000    0   10.000   1.0000          NULL 
144.0000    1    4.000   1.0000          x1c1
148.0000    0   10.000   1.0000          NULL 
158.0000    4    4.000   1.0000          x2c2
162.0000    0    2.000   1.0000          NULL 
164.0000    2    4.000   1.0000          x2c1
168.0000    0    6.000   1.0000          NULL 
174.0000    3    4.000   1.0000          x1c2
178.0000    0   10.000   1.0000          NULL 
188.0000    3    4.000   1.0000          x1c2
192.0000    0    4.000   1.0000          NULL 
196.0000    2    4.000   1.0000          x2c1
200.0000    0   10.000   1.0000          NULL 
210.0000    4    4.000   1.0000          x2c2
214.0000    0   10.000   1.0000          NULL 
224.0000    1    4.000   1.0000          x1c1
228.0000    0   12.000   1.0000          NULL 
