  0.0000    2    4.000   1.0000          x2c1
  4.0000    0    6.000   1.0000          NULL 
 10.0000    3    4.000   1.0000          x1c2
 14.0000    0    2.000   1.0000          NULL 
 16.0000    1    4.000   1.0000          x1c1
 20.0000    0    6.000   1.0000          NULL 
 26.0000    2    4.000   1.0000          x2c1
 30.0000    0    4.000   1.0000          NULL 
 34.0000    1    4.000   1.0000          x1c1
 38.0000    0    8.000   1.0000          NULL 
 46.0000    2    4.000   1.0000          x2c1
 50.0000    0   12.000   1.0000          NULL 
 62.0000    4    4.000   1.0000          x2c2
 66.0000    0   12.000   1.0000          NULL 
 78.0000    2    4.000   1.0000          x2c1
 82.0000    0   10.000   1.0000          NULL 
 92.0000    3    4.000   1.0000          x1c2
 96.0000    0   10.000   1.0000          NULL 
106.0000    4    4.000   1.0000          x2c2
110.0000    0    4.000   1.0000          NULL 
114.0000    1    4.000   1.0000          x1c1
118.0000    0    6.000   1.0000          NULL 
124.0000    1    4.000   1.0000          x1c1
128.0000    0   14.000   1.0000          NULL 
142.0000    3    4.000   1.0000          x1c2
146.0000    0    8.000   1.0000          NULL 
154.0000    4    4.000   1.0000          x2c2
158.0000    0    2.000   1.0000          NULL 
160.0000    4    4.000   1.0000          x2c2
164.0000    0    6.000   1.0000          NULL 
170.0000    4    4.000   1.0000          x2c2
174.0000    0   10.000   1.0000          NULL 
184.0000    2    4.000   1.0000          x2c1
188.0000    0    8.000   1.0000          NULL 
196.0000    3    4.000   1.0000          x1c2
200.0000    0    4.000   1.0000          NULL 
204.0000    3    4.000   1.0000          x1c2
208.0000    0   12.000   1.0000          NULL 
220.0000    1    4.000   1.0000          x1c1
224.0000    0   16.000   1.0000          NULL 
