  0.0000    1    4.000   1.0000          x1c1
  4.0000    0    2.000   1.0000          NULL 
  6.0000    1    4.000   1.0000          x1c1
 10.0000    0    4.000   1.0000          NULL 
 14.0000    1    4.000   1.0000          x1c1
 18.0000    0    2.000   1.0000          NULL 
 20.0000    3    4.000   1.0000          x1c2
 24.0000    0   12.000   1.0000          NULL 
 36.0000    3    4.000   1.0000          x1c2
 40.0000    0    6.000   1.0000          NULL 
 46.0000    2    4.000   1.0000          x2c1
 50.0000    0   10.000   1.0000          NULL 
 60.0000    3    4.000   1.0000          x1c2
 64.0000    0    8.000   1.0000          NULL 
 72.0000    1    4.000   1.0000          x1c1
 76.0000    0    6.000   1.0000          NULL 
 82.0000    2    4.000   1.0000          x2c1
 86.0000    0    8.000   1.0000          NULL 
 94.0000    3    4.000   1.0000          x1c2
 98.0000    0    6.000   1.0000          NULL 
104.0000    4    4.000   1.0000          x2c2
108.0000    0    4.000   1.0000          NULL 
112.0000    3    4.000   1.0000          x1c2
116.0000    0   12.000   1.0000          NULL 
128.0000    1    4.000   1.0000          x1c1
132.0000    0   14.000   1.0000          NULL 
146.0000    4    4.000   1.0000          x2c2
150.0000    0    4.000   1.0000          NULL 
154.0000    2    4.000   1.0000          x2c1
158.0000    0    8.000   1.0000          NULL 
166.0000    4    4.000   1.0000          x2c2
170.0000    0   14.000   1.0000          NULL 
184.0000    2    4.000   1.0000          x2c1
188.0000    0    6.000   1.0000          NULL 
194.0000    4    4.000   1.0000          x2c2
198.0000    0   10.000   1.0000          NULL 
208.0000    2    4.000   1.0000          x2c1
212.0000    0   12.000   1.0000          NULL 
224.0000    4    4.000   1.0000          x2c2
228.0000    0   12.000   1.0000          NULL 
