  0.0000    1    4.000   1.0000          x1c1
  4.0000    0   10.000   1.0000          NULL 
 14.0000    4    4.000   1.0000          x2c2
 18.0000    0    2.000   1.0000          NULL 
 20.0000    1    4.000   1.0000          x1c1
 24.0000    0    2.000   1.0000          NULL 
 26.0000    3    4.000   1.0000          x1c2
 30.0000    0    8.000   1.0000          NULL 
 38.0000    4    4.000   1.0000          x2c2
 42.0000    0    8.000   1.0000          NULL 
 50.0000    1    4.000   1.0000          x1c1
 54.0000    0   12.000   1.0000          NULL 
 66.0000    3    4.000   1.0000          x1c2
 70.0000    0    4.000   1.0000          NULL 
 74.0000    4    4.000   1.0000          x2c2
 78.0000    0    8.000   1.0000          NULL 
 86.0000    4    4.000   1.0000          x2c2
 90.0000    0    6.000   1.0000          NULL 
 96.0000    3    4.000   1.0000          x1c2
100.0000    0   10.000   1.0000          NULL 
110.0000    4    4.000   1.0000          x2c2
114.0000    0   12.000   1.0000          NULL 
126.0000    2    4.000   1.0000          x2c1
130.0000    0   12.000   1.0000          NULL 
142.0000    1    4.000   1.0000          x1c1
146.0000    0   10.000   1.0000          NULL 
156.0000    2    4.000   1.0000          x2c1
160.0000    0   10.000   1.0000          NULL 
170.0000    2    4.000   1.0000          x2c1
174.0000    0   10.000   1.0000          NULL 
184.0000    2    4.000   1.0000          x2c1
188.0000    0    2.000   1.0000          NULL 
190.0000    1    4.000   1.0000          x1c1
194.0000    0    4.000   1.0000          NULL 
198.0000    2    4.000   1.0000          x2c1
202.0000    0    8.000   1.0000          NULL 
210.0000    3    4.000   1.0000          x1c2
214.0000    0    6.000   1.0000          NULL 
220.0000    3    4.000   1.0000          x1c2
224.0000    0   16.000   1.0000          NULL 
