  0.0000    2    4.000   1.0000          x2c1
  4.0000    0    2.000   1.0000          NULL 
  6.0000    2    4.000   1.0000          x2c1
 10.0000    0    8.000   1.0000          NULL 
 18.0000    2    4.000   1.0000          x2c1
 22.0000    0    6.000   1.0000          NULL 
 28.0000    3    4.000   1.0000          x1c2
 32.0000    0    2.000   1.0000          NULL 
 34.0000    3    4.000   1.0000          x1c2
 38.0000    0    8.000   1.0000          NULL 
 46.0000    4    4.000   1.0000          x2c2
 50.0000    0    8.000   1.0000          NULL 
 58.0000    3    4.000   1.0000          x1c2
 62.0000    0   10.000   1.0000          NULL 
 72.0000    4    4.000   1.0000          x2c2
 76.0000    0   10.000   1.0000          NULL 
 86.0000    2    4.000   1.0000          x2c1
 90.0000    0    6.000   1.0000          NULL 
 96.0000    1    4.000   1.0000          x1c1
100.0000    0    6.000   1.0000          NULL 
106.0000    1    4.000   1.0000          x1c1
110.0000    0    8.000   1.0000          NULL 
118.0000    2    4.000   1.0000          x2c1
122.0000    0    2.000   1.0000          NULL 
124.0000    1    4.000   1.0000          x1c1
128.0000    0   12.000   1.0000          NULL 
140.0000    4    4.000   1.0000          x2c2
144.0000    0    8.000   1.0000          NULL 
152.0000    1    4.000   1.0000          x1c1
156.0000    0   12.000   1.0000          NULL 
168.0000    4    4.000   1.0000          x2c2
172.0000    0   12.000   1.0000          NULL 
184.0000    1    4.000   1.0000          x1c1
188.0000    0    6.000   1.0000          NULL 
194.0000    3    4.000   1.0000          x1c2
198.0000    0    6.000   1.0000          NULL 
204.0000    3    4.000   1.0000          x1c2
208.0000    0    4.000   1.0000          NULL 
212.0000    4    4.000   1.0000          x2c2
216.0000    0   24.000   1.0000          NULL 
