  0.0000    1    4.000   1.0000          x1c1
  4.0000    0    2.000   1.0000          NULL 
  6.0000    3    4.000   1.0000          x1c2
 10.0000    0    6.000   1.0000          NULL 
 16.0000    2    4.000   1.0000          x2c1
 20.0000    0    8.000   1.0000          NULL 
 28.0000    4    4.000   1.0000          x2c2
 32.0000    0    2.000   1.0000          NULL 
 34.0000    1    4.000   1.0000          x1c1
 38.0000    0    4.000   1.0000          NULL 
 42.0000    4    4.000   1.0000          x2c2
 46.0000    0    6.000   1.0000          NULL 
 52.0000    3    4.000   1.0000          x1c2
 56.0000    0    8.000   1.0000          NULL 
 64.0000    4    4.000   1.0000          x2c2
 68.0000    0    6.000   1.0000          NULL 
 74.0000    2    4.000   1.0000          x2c1
 78.0000    0   10.000   1.0000          NULL 
 88.0000    2    4.000   1.0000          x2c1
 92.0000    0   10.000   1.0000          NULL 
102.0000    1    4.000   1.0000          x1c1
106.0000    0   10.000   1.0000          NULL 
116.0000    3    4.000   1.0000          x1c2
120.0000    0   10.000   1.0000          NULL 
130.0000    2    4.000   1.0000          x2c1
134.0000    0   10.000   1.0000          NULL 
144.0000    4    4.000   1.0000          x2c2
148.0000    0   12.000   1.0000          NULL 
160.0000    2    4.000   1.0000          x2c1
164.0000    0    6.000   1.0000          NULL 
170.0000    3    4.000   1.0000          x1c2
174.0000    0    8.000   1.0000          NULL 
182.0000    4    4.000   1.0000          x2c2
186.0000    0    8.000   1.0000          NULL 
194.0000    3    4.000   1.0000          x1c2
198.0000    0   14.000   1.0000          NULL 
212.0000    1    4.000   1.0000          x1c1
216.0000    0   10.000   1.0000          NULL 
226.0000    1    4.000   1.0000          x1c1
230.0000    0   10.000   1.0000          NULL 
