  0.0000    3    4.000   1.0000          x1c2
  4.0000    0    8.000   1.0000          NULL 
 12.0000    4    4.000   1.0000          x2c2
 16.0000    0   10.000   1.0000          NULL 
 26.0000    1    4.000   1.0000          x1c1
 30.0000    0    2.000   1.0000          NULL 
 32.0000    1    4.000   1.0000          x1c1
 36.0000    0   14.000   1.0000          NULL 
 50.0000    3    4.000   1.0000          x1c2
 54.0000    0    6.000   1.0000          NULL 
 60.0000    1    4.000   1.0000          x1c1
 64.0000    0   12.000   1.0000          NULL 
 76.0000    1    4.000   1.0000          x1c1
 80.0000    0   14.000   1.0000          NULL 
 94.0000    4    4.000   1.0000          x2c2
 98.0000    0    6.000   1.0000          NULL 
104.0000    1    4.000   1.0000          x1c1
108.0000    0    2.000   1.0000          NULL 
110.0000    4    4.000   1.0000          x2c2
114.0000    0   10.000   1.0000          NULL 
124.0000    2    4.000   1.0000          x2c1
128.0000    0    6.000   1.0000          NULL 
134.0000    3    4.000   1.0000          x1c2
138.0000    0    8.000   1.0000          NULL 
146.0000    2    4.000   1.0000          x2c1
150.0000    0    4.000   1.0000          NULL 
154.0000    2    4.000   1.0000          x2c1
158.0000    0   12.000   1.0000          NULL 
170.0000    3    4.000   1.0000          x1c2
174.0000    0    2.000   1.0000          NULL 
176.0000    4    4.000   1.0000          x2c2
180.0000    0   10.000   1.0000          NULL 
190.0000    4    4.000   1.0000          x2c2
194.0000    0    8.000   1.0000          NULL 
202.0000    2    4.000   1.0000          x2c1
206.0000    0    8.000   1.0000          NULL 
214.0000    2    4.000   1.0000          x2c1
218.0000    0    2.000   1.0000          NULL 
220.0000    3    4.000   1.0000          x1c2
224.0000    0   16.000   1.0000          NULL 
