  0.0000    1    4.000   1.0000          x1c1
  4.0000    0   10.000   1.0000          NULL 
 14.0000    2    4.000   1.0000          x2c1
 18.0000    0    4.000   1.0000          NULL 
 22.0000    4    4.000   1.0000          x2c2
 26.0000    0   10.000   1.0000          NULL 
 36.0000    2    4.000   1.0000          x2c1
 40.0000    0    6.000   1.0000          NULL 
 46.0000    3    4.000   1.0000          x1c2
 50.0000    0    2.000   1.0000          NULL 
 52.0000    1    4.000   1.0000          x1c1
 56.0000    0   12.000   1.0000          NULL 
 68.0000    4    4.000   1.0000          x2c2
 72.0000    0    2.000   1.0000          NULL 
 74.0000    2    4.000   1.0000          x2c1
 78.0000    0   12.000   1.0000          NULL 
 90.0000    3    4.000   1.0000          x1c2
 94.0000    0    8.000   1.0000          NULL 
102.0000    4    4.000   1.0000          x2c2
106.0000    0    6.000   1.0000          NULL 
112.0000    4    4.000   1.0000          x2c2
116.0000    0   12.000   1.0000          NULL 
128.0000    3    4.000   1.0000          x1c2
132.0000    0    8.000   1.0000          NULL 
140.0000    2    4.000   1.0000          x2c1
144.0000    0    4.000   1.0000          NULL 
148.0000    1    4.000   1.0000          x1c1
152.0000    0    6.000   1.0000          NULL 
158.0000    3    4.000   1.0000          x1c2
162.0000    0   14.000   1.0000          NULL 
176.0000    4    4.000   1.0000          x2c2
180.0000    0   12.000   1.0000          NULL 
192.0000    3    4.000   1.0000          x1c2
196.0000    0   10.000   1.0000          NULL 
206.0000    1    4.000   1.0000          x1c1
210.0000    0    2.000   1.0000          NULL 
212.0000    2    4.000   1.0000          x2c1
216.0000    0    6.000   1.0000          NULL 
222.0000    1    4.000   1.0000          x1c1
226.0000    0   14.000   1.0000          NULL 
