  0.0000    3    4.000   1.0000          x1c2
  4.0000    0   10.000   1.0000          NULL 
 14.0000    3    4.000   1.0000          x1c2
 18.0000    0   10.000   1.0000          NULL 
 28.0000    3    4.000   1.0000          x1c2
 32.0000    0   12.000   1.0000          NULL 
 44.0000    2    4.000   1.0000          x2c1
 48.0000    0    6.000   1.0000          NULL 
 54.0000    1    4.000   1.0000          x1c1
 58.0000    0    6.000   1.0000          NULL 
 64.0000    1    4.000   1.0000          x1c1
 68.0000    0    6.000   1.0000          NULL 
 74.0000    3    4.000   1.0000          x1c2
 78.0000    0    6.000   1.0000          NULL 
 84.0000    4    4.000   1.0000          x2c2
 88.0000    0    6.000   1.0000          NULL 
 94.0000    4    4.000   1.0000          x2c2
 98.0000    0    6.000   1.0000          NULL 
104.0000    2    4.000   1.0000          x2c1
108.0000    0   14.000   1.0000          NULL 
122.0000    1    4.000   1.0000          x1c1
126.0000    0   10.000   1.0000          NULL 
136.0000    2    4.000   1.0000          x2c1
140.0000    0    6.000   1.0000          NULL 
146.0000    4    4.000   1.0000          x2c2
150.0000    0    4.000   1.0000          NULL 
154.0000    1    4.000   1.0000          x1c1
158.0000    0    4.000   1.0000          NULL 
162.0000    3    4.000   1.0000          x1c2
166.0000    0   12.000   1.0000          NULL 
178.0000    4    4.000   1.0000          x2c2
182.0000    0    2.000   1.0000          NULL 
184.0000    4    4.000   1.0000          x2c2
188.0000    0    4.000   1.0000          NULL 
192.0000    2    4.000   1.0000          x2c1
196.0000    0   14.000   1.0000          NULL 
210.0000    1    4.000   1.0000          x1c1
214.0000    0   10.000   1.0000          NULL 
224.0000    2    4.000   1.0000          x2c1
228.0000    0   12.000   1.0000          NULL 
