  0.0000    2    4.000   1.0000          x2c1
  4.0000    0   14.000   1.0000          NULL 
 18.0000    4    4.000   1.0000          x2c2
 22.0000    0    2.000   1.0000          NULL 
 24.0000    4    4.000   1.0000          x2c2
 28.0000    0    6.000   1.0000          NULL 
 34.0000    4    4.000   1.0000          x2c2
 38.0000    0    8.000   1.0000          NULL 
 46.0000    2    4.000   1.0000          x2c1
 50.0000    0    4.000   1.0000          NULL 
 54.0000    1    4.000   1.0000          x1c1
 58.0000    0   10.000   1.0000          NULL 
 68.0000    1    4.000   1.0000          x1c1
 72.0000    0   10.000   1.0000          NULL 
 82.0000    1    4.000   1.0000          x1c1
 86.0000    0    2.000   1.0000          NULL 
 88.0000    1    4.000   1.0000          x1c1
 92.0000    0    8.000   1.0000          NULL 
100.0000    2    4.000   1.0000          x2c1
104.0000    0    4.000   1.0000          NULL 
108.0000    4    4.000   1.0000          x2c2
112.0000    0   10.000   1.0000          NULL 
122.0000    3    4.000   1.0000          x1c2
126.0000    0    6.000   1.0000          NULL 
132.0000    3    4.000   1.0000          x1c2
136.0000    0   10.000   1.0000          NULL 
146.0000    4    4.000   1.0000          x2c2
150.0000    0   10.000   1.0000          NULL 
160.0000    3    4.000   1.0000          x1c2
164.0000    0   10.000   1.0000          NULL 
174.0000    2    4.000   1.0000          x2c1
178.0000    0   10.000   1.0000          NULL 
188.0000    2    4.000   1.0000          x2c1
192.0000    0   10.000   1.0000          NULL 
202.0000    3    4.000   1.0000          x1c2
206.0000    0   10.000   1.0000          NULL 
216.0000    1    4.000   1.0000          x1c1
220.0000    0    6.000   1.0000          NULL 
226.0000    3    4.000   1.0000          x1c2
230.0000    0   10.000   1.0000          NULL 
