  0.0000    4    4.000   1.0000          x2c2
  4.0000    0    8.000   1.0000          NULL 
 12.0000    2    4.000   1.0000          x2c1
 16.0000    0   12.000   1.0000          NULL 
 28.0000    4    4.000   1.0000          x2c2
 32.0000    0    4.000   1.0000          NULL 
 36.0000    2    4.000   1.0000          x2c1
 40.0000    0   12.000   1.0000          NULL 
 52.0000    1    4.000   1.0000          x1c1
 56.0000    0    4.000   1.0000          NULL 
 60.0000    3    4.000   1.0000          x1c2
 64.0000    0    2.000   1.0000          NULL 
 66.0000    1    4.000   1.0000          x1c1
 70.0000    0   14.000   1.0000          NULL 
 84.0000    3    4.000   1.0000          x1c2
 88.0000    0    6.000   1.0000          NULL 
 94.0000    1    4.000   1.0000          x1c1
 98.0000    0   12.000   1.0000          NULL 
110.0000    4    4.000   1.0000          x2c2
114.0000    0   14.000   1.0000          NULL 
128.0000    3    4.000   1.0000          x1c2
132.0000    0   10.000   1.0000          NULL 
142.0000    2    4.000   1.0000          x2c1
146.0000    0    8.000   1.0000          NULL 
154.0000    3    4.000   1.0000          x1c2
158.0000    0    6.000   1.0000          NULL 
164.0000    2    4.000   1.0000          x2c1
168.0000    0    2.000   1.0000          NULL 
170.0000    3    4.000   1.0000          x1c2
174.0000    0    4.000   1.0000          NULL 
178.0000    4    4.000   1.0000          x2c2
182.0000    0   10.000   1.0000          NULL 
192.0000    1    4.000   1.0000          x1c1
196.0000    0   10.000   1.0000          NULL 
206.0000    1    4.000   1.0000          x1c1
210.0000    0    6.000   1.0000          NULL 
216.0000    2    4.000   1.0000          x2c1
220.0000    0    4.000   1.0000          NULL 
224.0000    4    4.000   1.0000          x2c2
228.0000    0   12.000   1.0000          NULL 
