  0.0000    3    4.000   1.0000          x1c2
  4.0000    0   12.000   1.0000          NULL 
 16.0000    1    4.000   1.0000          x1c1
 20.0000    0   12.000   1.0000          NULL 
 32.0000    2    4.000   1.0000          x2c1
 36.0000    0   10.000   1.0000          NULL 
 46.0000    1    4.000   1.0000          x1c1
 50.0000    0    8.000   1.0000          NULL 
 58.0000    1    4.000   1.0000          x1c1
 62.0000    0    6.000   1.0000          NULL 
 68.0000    3    4.000   1.0000          x1c2
 72.0000    0    8.000   1.0000          NULL 
 80.0000    3    4.000   1.0000          x1c2
 84.0000    0   12.000   1.0000          NULL 
 96.0000    4    4.000   1.0000          x2c2
100.0000    0    2.000   1.0000          NULL 
102.0000    2    4.000   1.0000          x2c1
106.0000    0    2.000   1.0000          NULL 
108.0000    3    4.000   1.0000          x1c2
112.0000    0    4.000   1.0000          NULL 
116.0000    1    4.000   1.0000          x1c1
120.0000    0    4.000   1.0000          NULL 
124.0000    4    4.000   1.0000          x2c2
128.0000    0    2.000   1.0000          NULL 
130.0000    1    4.000   1.0000          x1c1
134.0000    0   12.000   1.0000          NULL 
146.0000    2    4.000   1.0000          x2c1
150.0000    0    4.000   1.0000          NULL 
154.0000    3    4.000   1.0000          x1c2
158.0000    0   12.000   1.0000          NULL 
170.0000    4    4.000   1.0000          x2c2
174.0000    0    8.000   1.0000          NULL 
182.0000    4    4.000   1.0000          x2c2
186.0000    0    6.000   1.0000          NULL 
192.0000    2    4.000   1.0000          x2c1
196.0000    0    8.000   1.0000          NULL 
204.0000    2    4.000   1.0000          x2c1
208.0000    0   14.000   1.0000          NULL 
222.0000    4    4.000   1.0000          x2c2
226.0000    0   14.000   1.0000          NULL 
