  0.0000    2    4.000   1.0000          x2c1
  4.0000    0    8.000   1.0000          NULL 
 12.0000    1    4.000   1.0000          x1c1
 16.0000    0   10.000   1.0000          NULL 
 26.0000    2    4.000   1.0000          x2c1
 30.0000    0    4.000   1.0000          NULL 
 34.0000    3    4.000   1.0000          x1c2
 38.0000    0    6.000   1.0000          NULL 
 44.0000    2    4.000   1.0000          x2c1
 48.0000    0   10.000   1.0000          NULL 
 58.0000    3    4.000   1.0000          x1c2
 62.0000    0    2.000   1.0000          NULL 
 64.0000    4    4.000   1.0000          x2c2
 68.0000    0    2.000   1.0000          NULL 
 70.0000    3    4.000   1.0000          x1c2
 74.0000    0    8.000   1.0000          NULL 
 82.0000    4    4.000   1.0000          x2c2
 86.0000    0    8.000   1.0000          NULL 
 94.0000    1    4.000   1.0000          x1c1
 98.0000    0   14.000   1.0000          NULL 
112.0000    2    4.000   1.0000          x2c1
116.0000    0   12.000   1.0000          NULL 
128.0000    1    4.000   1.0000          x1c1
132.0000    0    4.000   1.0000          NULL 
136.0000    4    4.000   1.0000          x2c2
140.0000    0    8.000   1.0000          NULL 
148.0000    1    4.000   1.0000          x1c1
152.0000    0    8.000   1.0000          NULL 
160.0000    1    4.000   1.0000          x1c1
164.0000    0   14.000   1.0000          NULL 
178.0000    3    4.000   1.0000          x1c2
182.0000    0   10.000   1.0000          NULL 
192.0000    4    4.000   1.0000          x2c2
196.0000    0    2.000   1.0000          NULL 
198.0000    2    4.000   1.0000          x2c1
202.0000    0    4.000   1.0000          NULL 
206.0000    4    4.000   1.0000          x2c2
210.0000    0   10.000   1.0000          NULL 
220.0000    3    4.000   1.0000          x1c2
224.0000    0   16.000   1.0000          NULL 
