  0.0000    4    4.000   1.0000          x2c2
  4.0000    0   12.000   1.0000          NULL 
 16.0000    1    4.000   1.0000          x1c1
 20.0000    0   14.000   1.0000          NULL 
 34.0000    2    4.000   1.0000          x2c1
 38.0000    0    4.000   1.0000          NULL 
 42.0000    1    4.000   1.0000          x1c1
 46.0000    0    8.000   1.0000          NULL 
 54.0000    2    4.000   1.0000          x2c1
 58.0000    0    2.000   1.0000          NULL 
 60.0000    1    4.000   1.0000          x1c1
 64.0000    0    8.000   1.0000          NULL 
 72.0000    1    4.000   1.0000          x1c1
 76.0000    0   10.000   1.0000          NULL 
 86.0000    4    4.000   1.0000          x2c2
 90.0000    0   12.000   1.0000          NULL 
102.0000    1    4.000   1.0000          x1c1
106.0000    0    8.000   1.0000          NULL 
114.0000    2    4.000   1.0000          x2c1
118.0000    0   10.000   1.0000          NULL 
128.0000    3    4.000   1.0000          x1c2
132.0000    0    2.000   1.0000          NULL 
134.0000    3    4.000   1.0000          x1c2
138.0000    0    2.000   1.0000          NULL 
140.0000    2    4.000   1.0000          x2c1
144.0000    0   14.000   1.0000          NULL 
158.0000    3    4.000   1.0000          x1c2
162.0000    0    8.000   1.0000          NULL 
170.0000    4    4.000   1.0000          x2c2
174.0000    0    4.000   1.0000          NULL 
178.0000    3    4.000   1.0000          x1c2
182.0000    0    6.000   1.0000          NULL 
188.0000    2    4.000   1.0000          x2c1
192.0000    0   10.000   1.0000          NULL 
202.0000    4    4.000   1.0000          x2c2
206.0000    0    6.000   1.0000          NULL 
212.0000    4    4.000   1.0000          x2c2
216.0000    0    8.000   1.0000          NULL 
224.0000    3    4.000   1.0000          x1c2
228.0000    0   12.000   1.0000          NULL 
