  0.0000    1    4.000   1.0000          x1c1
  4.0000    0   10.000   1.0000          NULL 
 14.0000    2    4.000   1.0000          x2c1
 18.0000    0   14.000   1.0000          NULL 
 32.0000    4    4.000   1.0000          x2c2
 36.0000    0    8.000   1.0000          NULL 
 44.0000    2    4.000   1.0000          x2c1
 48.0000    0    8.000   1.0000          NULL 
 56.0000    2    4.000   1.0000          x2c1
 60.0000    0    2.000   1.0000          NULL 
 62.0000    3    4.000   1.0000          x1c2
 66.0000    0    2.000   1.0000          NULL 
 68.0000    3    4.000   1.0000          x1c2
 72.0000    0    8.000   1.0000          NULL 
 80.0000    4    4.000   1.0000          x2c2
 84.0000    0   12.000   1.0000          NULL 
 96.0000    4    4.000   1.0000          x2c2
100.0000    0    6.000   1.0000          NULL 
106.0000    4    4.000   1.0000          x2c2
110.0000    0    4.000   1.0000          NULL 
114.0000    2    4.000   1.0000          x2c1
118.0000    0    6.000   1.0000          NULL 
124.0000    3    4.000   1.0000          x1c2
128.0000    0    6.000   1.0000          NULL 
134.0000    1    4.000   1.0000          x1c1
138.0000    0    4.000   1.0000          NULL 
142.0000    1    4.000   1.0000          x1c1
146.0000    0   10.000   1.0000          NULL 
156.0000    3    4.000   1.0000          x1c2
160.0000    0   12.000   1.0000          NULL 
172.0000    1    4.000   1.0000          x1c1
176.0000    0   10.000   1.0000          NULL 
186.0000    2    4.000   1.0000          x2c1
190.0000    0    8.000   1.0000          NULL 
198.0000    1    4.000   1.0000          x1c1
202.0000    0   10.000   1.0000          NULL 
212.0000    4    4.000   1.0000          x2c2
216.0000    0    8.000   1.0000          NULL 
224.0000    3    4.000   1.0000          x1c2
228.0000    0   12.000   1.0000          NULL 
