  0.0000    1    4.000   1.0000          x1c1
  4.0000    0    8.000   1.0000          NULL 
 12.0000    3    4.000   1.0000          x1c2
 16.0000    0    8.000   1.0000          NULL 
 24.0000    1    4.000   1.0000          x1c1
 28.0000    0   14.000   1.0000          NULL 
 42.0000    2    4.000   1.0000          x2c1
 46.0000    0   14.000   1.0000          NULL 
 60.0000    2    4.000   1.0000          x2c1
 64.0000    0   10.000   1.0000          NULL 
 74.0000    1    4.000   1.0000          x1c1
 78.0000    0    4.000   1.0000          NULL 
 82.0000    2    4.000   1.0000          x2c1
 86.0000    0    8.000   1.0000          NULL 
 94.0000    3    4.000   1.0000          x1c2
 98.0000    0    8.000   1.0000          NULL 
106.0000    2    4.000   1.0000          x2c1
110.0000    0    8.000   1.0000          NULL 
118.0000    1    4.000   1.0000          x1c1
122.0000    0    2.000   1.0000          NULL 
124.0000    1    4.000   1.0000          x1c1
128.0000    0   12.000   1.0000          NULL 
140.0000    4    4.000   1.0000          x2c2
144.0000    0    2.000   1.0000          NULL 
146.0000    2    4.000   1.0000          x2c1
150.0000    0    8.000   1.0000          NULL 
158.0000    4    4.000   1.0000          x2c2
162.0000    0   10.000   1.0000          NULL 
172.0000    4    4.000   1.0000          x2c2
176.0000    0    2.000   1.0000          NULL 
178.0000    3    4.000   1.0000          x1c2
182.0000    0   12.000   1.0000          NULL 
194.0000    3    4.000   1.0000          x1c2
198.0000    0    8.000   1.0000          NULL 
206.0000    3    4.000   1.0000          x1c2
210.0000    0    8.000   1.0000          NULL 
218.0000    4    4.000   1.0000          x2c2
222.0000    0    4.000   1.0000          NULL 
226.0000    4    4.000   1.0000          x2c2
230.0000    0   10.000   1.0000          NULL 
