  0.0000    2    4.000   1.0000          x2c1
  4.0000    0    6.000   1.0000          NULL 
 10.0000    2    4.000   1.0000          x2c1
 14.0000    0    4.000   1.0000          NULL 
 18.0000    1    4.000   1.0000          x1c1
 22.0000    0   10.000   1.0000          NULL 
 32.0000    1    4.000   1.0000          x1c1
 36.0000    0   12.000   1.0000          NULL 
 48.0000    4    4.000   1.0000          x2c2
 52.0000    0    8.000   1.0000          NULL 
 60.0000    1    4.000   1.0000          x1c1
 64.0000    0    2.000   1.0000          NULL 
 66.0000    4    4.000   1.0000          x2c2
 70.0000    0    2.000   1.0000          NULL 
 72.0000    2    4.000   1.0000          x2c1
 76.0000    0   14.000   1.0000          NULL 
 90.0000    3    4.000   1.0000          x1c2
 94.0000    0   14.000   1.0000          NULL 
108.0000    3    4.000   1.0000          x1c2
112.0000    0    4.000   1.0000          NULL 
116.0000    4    4.000   1.0000          x2c2
120.0000    0   12.000   1.0000          NULL 
132.0000    3    4.000   1.0000          x1c2
136.0000    0    4.000   1.0000          NULL 
140.0000    2    4.000   1.0000          x2c1
144.0000    0   10.000   1.0000          NULL 
154.0000    3    4.000   1.0000          x1c2
158.0000    0    8.000   1.0000          NULL 
166.0000    4    4.000   1.0000          x2c2
170.0000    0    8.000   1.0000          NULL 
178.0000    4    4.000   1.0000          x2c2
182.0000    0   12.000   1.0000          NULL 
194.0000    3    4.000   1.0000          x1c2
198.0000    0    6.000   1.0000          NULL 
204.0000    1    4.000   1.0000          x1c1
208.0000    0    8.000   1.0000          NULL 
216.0000    2    4.000   1.0000          x2c1
220.0000    0    6.000   1.0000          NULL 
226.0000    1    4.000   1.0000          x1c1
230.0000    0   10.000   1.0000          NULL 
