  0.0000    3    4.000   1.0000          x1c2
  4.0000    0    2.000   1.0000          NULL 
  6.0000    1    4.000   1.0000          x1c1
 10.0000    0    2.000   1.0000          NULL 
 12.0000    4    4.000   1.0000          x2c2
 16.0000    0   10.000   1.0000          NULL 
 26.0000    3    4.000   1.0000          x1c2
 30.0000    0    4.000   1.0000          NULL 
 34.0000    3    4.000   1.0000          x1c2
 38.0000    0    8.000   1.0000          NULL 
 46.0000    3    4.000   1.0000          x1c2
 50.0000    0   14.000   1.0000          NULL 
 64.0000    2    4.000   1.0000          x2c1
 68.0000    0    8.000   1.0000          NULL 
 76.0000    4    4.000   1.0000          x2c2
 80.0000    0    6.000   1.0000          NULL 
 86.0000    3    4.000   1.0000          x1c2
 90.0000    0   14.000   1.0000          NULL 
104.0000    2    4.000   1.0000          x2c1
108.0000    0   10.000   1.0000          NULL 
118.0000    2    4.000   1.0000          x2c1
122.0000    0   14.000   1.0000          NULL 
136.0000    1    4.000   1.0000          x1c1
140.0000    0    8.000   1.0000          NULL 
148.0000    4    4.000   1.0000          x2c2
152.0000    0   10.000   1.0000          NULL 
162.0000    1    4.000   1.0000          x1c1
166.0000    0    2.000   1.0000          NULL 
168.0000    2    4.000   1.0000          x2c1
172.0000    0    2.000   1.0000          NULL 
174.0000    1    4.000   1.0000          x1c1
178.0000    0    8.000   1.0000          NULL 
186.0000    4    4.000   1.0000          x2c2
190.0000    0    8.000   1.0000          NULL 
198.0000    4    4.000   1.0000          x2c2
202.0000    0   14.000   1.0000          NULL 
216.0000    2    4.000   1.0000          x2c1
220.0000    0    4.000   1.0000          NULL 
224.0000    1    4.000   1.0000          x1c1
228.0000    0   12.000   1.0000          NULL 
