  0.0000    3    4.000   1.0000          x1c2
  4.0000    0   12.000   1.0000          NULL 
 16.0000    2    4.000   1.0000          x2c1
 20.0000    0   12.000   1.0000          NULL 
 32.0000    1    4.000   1.0000          x1c1
 36.0000    0    6.000   1.0000          NULL 
 42.0000    3    4.000   1.0000          x1c2
 46.0000    0   12.000   1.0000          NULL 
 58.0000    3    4.000   1.0000          x1c2
 62.0000    0    6.000   1.0000          NULL 
 68.0000    3    4.000   1.0000          x1c2
 72.0000    0    8.000   1.0000          NULL 
 80.0000    3    4.000   1.0000          x1c2
 84.0000    0    4.000   1.0000          NULL 
 88.0000    2    4.000   1.0000          x2c1
 92.0000    0   10.000   1.0000          NULL 
102.0000    1    4.000   1.0000          x1c1
106.0000    0    4.000   1.0000          NULL 
110.0000    4    4.000   1.0000          x2c2
114.0000    0    4.000   1.0000          NULL 
118.0000    2    4.000   1.0000          x2c1
122.0000    0   14.000   1.0000          NULL 
136.0000    1    4.000   1.0000          x1c1
140.0000    0    6.000   1.0000          NULL 
146.0000    2    4.000   1.0000          x2c1
150.0000    0   10.000   1.0000          NULL 
160.0000    2    4.000   1.0000          x2c1
164.0000    0    8.000   1.0000          NULL 
172.0000    1    4.000   1.0000          x1c1
176.0000    0    2.000   1.0000          NULL 
178.0000    4    4.000   1.0000          x2c2
182.0000    0    4.000   1.0000          NULL 
186.0000    4    4.000   1.0000          x2c2
190.0000    0   10.000   1.0000          NULL 
200.0000    4    4.000   1.0000          x2c2
204.0000    0    8.000   1.0000          NULL 
212.0000    4    4.000   1.0000          x2c2
216.0000    0    4.000   1.0000          NULL 
220.0000    1    4.000   1.0000          x1c1
224.0000    0   16.000   1.0000          NULL 
