  0.0000    1    4.000   1.0000          x1c1
  4.0000    0    6.000   1.0000          NULL 
 10.0000    3    4.000   1.0000          x1c2
 14.0000    0   14.000   1.0000          NULL 
 28.0000    3    4.000   1.0000          x1c2
 32.0000    0    4.000   1.0000          NULL 
 36.0000    3    4.000   1.0000          x1c2
 40.0000    0    8.000   1.0000          NULL 
 48.0000    2    4.000   1.0000          x2c1
 52.0000    0    4.000   1.0000          NULL 
 56.0000    3    4.000   1.0000          x1c2
 60.0000    0    8.000   1.0000          NULL 
 68.0000    2    4.000   1.0000          x2c1
 72.0000    0    2.000   1.0000          NULL 
 74.0000    4    4.000   1.0000          x2c2
 78.0000    0   12.000   1.0000          NULL 
 90.0000    1    4.000   1.0000          x1c1
 94.0000    0    4.000   1.0000          NULL 
 98.0000    1    4.000   1.0000          x1c1
102.0000    0    4.000   1.0000          NULL 
106.0000    3    4.000   1.0000          x1c2
110.0000    0    8.000   1.0000          NULL 
118.0000    4    4.000   1.0000          x2c2
122.0000    0    8.000   1.0000          NULL 
130.0000    4    4.000   1.0000          x2c2
134.0000    0   10.000   1.0000          NULL 
144.0000    4    4.000   1.0000          x2c2
148.0000    0   10.000   1.0000          NULL 
158.0000    2    4.000   1.0000          x2c1
162.0000    0   14.000   1.0000          NULL 
176.0000    2    4.000   1.0000          x2c1
180.0000    0   14.000   1.0000          NULL 
194.0000    4    4.000   1.0000          x2c2
198.0000    0    6.000   1.0000          NULL 
204.0000    1    4.000   1.0000          x1c1
208.0000    0   10.000   1.0000          NULL 
218.0000    1    4.000   1.0000          x1c1
222.0000    0    4.000   1.0000          NULL 
226.0000    2    4.000   1.0000          x2c1
230.0000    0   10.000   1.0000          NULL 
