  0.0000    3    4.000   1.0000          x1c2
  4.0000    0   12.000   1.0000          NULL 
 16.0000    2    4.000   1.0000          x2c1
 20.0000    0    4.000   1.0000          NULL 
 24.0000    2    4.000   1.0000          x2c1
 28.0000    0    2.000   1.0000          NULL 
 30.0000    3    4.000   1.0000          x1c2
 34.0000    0   10.000   1.0000          NULL 
 44.0000    4    4.000   1.0000          x2c2
 48.0000    0    8.000   1.0000          NULL 
 56.0000    3    4.000   1.0000          x1c2
 60.0000    0    2.000   1.0000          NULL 
 62.0000    1    4.000   1.0000          x1c1
 66.0000    0   12.000   1.0000          NULL 
 78.0000    1    4.000   1.0000          x1c1
 82.0000    0    4.000   1.0000          NULL 
 86.0000    2    4.000   1.0000          x2c1
 90.0000    0   10.000   1.0000          NULL 
100.0000    2    4.000   1.0000          x2c1
104.0000    0   14.000   1.0000          NULL 
118.0000    3    4.000   1.0000          x1c2
122.0000    0    8.000   1.0000          NULL 
130.0000    1    4.000   1.0000          x1c1
134.0000    0   10.000   1.0000          NULL 
144.0000    3    4.000   1.0000          x1c2
148.0000    0    2.000   1.0000          NULL 
150.0000    4    4.000   1.0000          x2c2
154.0000    0    4.000   1.0000          NULL 
158.0000    1    4.000   1.0000          x1c1
162.0000    0    8.000   1.0000          NULL 
170.0000    2    4.000   1.0000          x2c1
174.0000    0    4.000   1.0000          NULL 
178.0000    4    4.000   1.0000          x2c2
182.0000    0   10.000   1.0000          NULL 
192.0000    4    4.000   1.0000          x2c2
196.0000    0   10.000   1.0000          NULL 
206.0000    4    4.000   1.0000          x2c2
210.0000    0    8.000   1.0000          NULL 
218.0000    1    4.000   1.0000          x1c1
222.0000    0   18.000   1.0000          NULL 
