  0.0000    2    4.000   1.0000          x2c1
  4.0000    0    8.000   1.0000          NULL 
 12.0000    4    4.000   1.0000          x2c2
 16.0000    0    8.000   1.0000          NULL 
 24.0000    4    4.000   1.0000          x2c2
 28.0000    0   14.000   1.0000          NULL 
 42.0000    1    4.000   1.0000          x1c1
 46.0000    0   10.000   1.0000          NULL 
 56.0000    3    4.000   1.0000          x1c2
 60.0000    0   10.000   1.0000          NULL 
 70.0000    3    4.000   1.0000          x1c2
 74.0000    0   12.000   1.0000          NULL 
 86.0000    4    4.000   1.0000          x2c2
 90.0000    0    4.000   1.0000          NULL 
 94.0000    3    4.000   1.0000          x1c2
 98.0000    0   10.000   1.0000          NULL 
108.0000    1    4.000   1.0000          x1c1
112.0000    0    6.000   1.0000          NULL 
118.0000    1    4.000   1.0000          x1c1
122.0000    0    2.000   1.0000          NULL 
124.0000    3    4.000   1.0000          x1c2
128.0000    0    4.000   1.0000          NULL 
132.0000    4    4.000   1.0000          x2c2
136.0000    0   12.000   1.0000          NULL 
148.0000    1    4.000   1.0000          x1c1
152.0000    0    8.000   1.0000          NULL 
160.0000    2    4.000   1.0000          x2c1
164.0000    0    6.000   1.0000          NULL 
170.0000    2    4.000   1.0000          x2c1
174.0000    0    4.000   1.0000          NULL 
178.0000    1    4.000   1.0000          x1c1
182.0000    0   12.000   1.0000          NULL 
194.0000    2    4.000   1.0000          x2c1
198.0000    0    2.000   1.0000          NULL 
200.0000    3    4.000   1.0000          x1c2
204.0000    0    4.000   1.0000          NULL 
208.0000    2    4.000   1.0000          x2c1
212.0000    0    8.000   1.0000          NULL 
220.0000    4    4.000   1.0000          x2c2
224.0000    0   16.000   1.0000          NULL 
