  0.0000    1    4.000   1.0000          x1c1
  4.0000    0    4.000   1.0000          NULL 
  8.0000    3    4.000   1.0000          x1c2
 12.0000    0    6.000   1.0000          NULL 
 18.0000    2    4.000   1.0000          x2c1
 22.0000    0   10.000   1.0000          NULL 
 32.0000    4    4.000   1.0000          x2c2
 36.0000    0    4.000   1.0000          NULL 
 40.0000    2    4.000   1.0000          x2c1
 44.0000    0    4.000   1.0000          NULL 
 48.0000    2    4.000   1.0000          x2c1
 52.0000    0    6.000   1.0000          NULL 
 58.0000    3    4.000   1.0000          x1c2
 62.0000    0    2.000   1.0000          NULL 
 64.0000    1    4.000   1.0000          x1c1
 68.0000    0    8.000   1.0000          NULL 
 76.0000    3    4.000   1.0000          x1c2
 80.0000    0    8.000   1.0000          NULL 
 88.0000    3    4.000   1.0000          x1c2
 92.0000    0   10.000   1.0000          NULL 
102.0000    2    4.000   1.0000          x2c1
106.0000    0    8.000   1.0000          NULL 
114.0000    4    4.000   1.0000          x2c2
118.0000    0   10.000   1.0000          NULL 
128.0000    1    4.000   1.0000          x1c1
132.0000    0    2.000   1.0000          NULL 
134.0000    4    4.000   1.0000          x2c2
138.0000    0    6.000   1.0000          NULL 
144.0000    1    4.000   1.0000          x1c1
148.0000    0    8.000   1.0000          NULL 
156.0000    1    4.000   1.0000          x1c1
160.0000    0   12.000   1.0000          NULL 
172.0000    4    4.000   1.0000          x2c2
176.0000    0   12.000   1.0000          NULL 
188.0000    2    4.000   1.0000          x2c1
192.0000    0   14.000   1.0000          NULL 
206.0000    3    4.000   1.0000          x1c2
210.0000    0    6.000   1.0000          NULL 
216.0000    4    4.000   1.0000          x2c2
220.0000    0   20.000   1.0000          NULL 
