  0.0000    1    4.000   1.0000          x1c1
  4.0000    0    8.000   1.0000          NULL 
 12.0000    4    4.000   1.0000          x2c2
 16.0000    0    4.000   1.0000          NULL 
 20.0000    2    4.000   1.0000          x2c1
 24.0000    0    4.000   1.0000          NULL 
 28.0000    3    4.000   1.0000          x1c2
 32.0000    0    8.000   1.0000          NULL 
 40.0000    4    4.000   1.0000          x2c2
 44.0000    0    8.000   1.0000          NULL 
 52.0000    1    4.000   1.0000          x1c1
 56.0000    0    8.000   1.0000          NULL 
 64.0000    3    4.000   1.0000          x1c2
 68.0000    0   10.000   1.0000          NULL 
 78.0000    2    4.000   1.0000          x2c1
 82.0000    0   12.000   1.0000          NULL 
 94.0000    2    4.000   1.0000          x2c1
 98.0000    0   10.000   1.0000          NULL 
108.0000    3    4.000   1.0000          x1c2
112.0000    0    2.000   1.0000          NULL 
114.0000    1    4.000   1.0000          x1c1
118.0000    0   10.000   1.0000          NULL 
128.0000    2    4.000   1.0000          x2c1
132.0000    0   14.000   1.0000          NULL 
146.0000    4    4.000   1.0000          x2c2
150.0000    0   10.000   1.0000          NULL 
160.0000    2    4.000   1.0000          x2c1
164.0000    0    6.000   1.0000          NULL 
170.0000    4    4.000   1.0000          x2c2
174.0000    0   10.000   1.0000          NULL 
184.0000    1    4.000   1.0000          x1c1
188.0000    0    4.000   1.0000          NULL 
192.0000    4    4.000   1.0000          x2c2
196.0000    0    4.000   1.0000          NULL 
200.0000    1    4.000   1.0000          x1c1
204.0000    0   10.000   1.0000          NULL 
214.0000    3    4.000   1.0000          x1c2
218.0000    0    6.000   1.0000          NULL 
224.0000    3    4.000   1.0000          x1c2
228.0000    0   12.000   1.0000          NULL 
