  0.0000    2    4.000   1.0000          x2c1
  4.0000    0    8.000   1.0000          NULL 
 12.0000    3    4.000   1.0000          x1c2
 16.0000    0    8.000   1.0000          NULL 
 24.0000    3    4.000   1.0000          x1c2
 28.0000    0    6.000   1.0000          NULL 
 34.0000    4    4.000   1.0000          x2c2
 38.0000    0    8.000   1.0000          NULL 
 46.0000    4    4.000   1.0000          x2c2
 50.0000    0   14.000   1.0000          NULL 
 64.0000    1    4.000   1.0000          x1c1
 68.0000    0    4.000   1.0000          NULL 
 72.0000    4    4.000   1.0000          x2c2
 76.0000    0    8.000   1.0000          NULL 
 84.0000    3    4.000   1.0000          x1c2
 88.0000    0   14.000   1.0000          NULL 
102.0000    3    4.000   1.0000          x1c2
106.0000    0    6.000   1.0000          NULL 
112.0000    2    4.000   1.0000          x2c1
116.0000    0   14.000   1.0000          NULL 
130.0000    4    4.000   1.0000          x2c2
134.0000    0    8.000   1.0000          NULL 
142.0000    1    4.000   1.0000          x1c1
146.0000    0    4.000   1.0000          NULL 
150.0000    2    4.000   1.0000          x2c1
154.0000    0    6.000   1.0000          NULL 
160.0000    2    4.000   1.0000          x2c1
164.0000    0    6.000   1.0000          NULL 
170.0000    1    4.000   1.0000          x1c1
174.0000    0    4.000   1.0000          NULL 
178.0000    1    4.000   1.0000          x1c1
182.0000    0   10.000   1.0000          NULL 
192.0000    4    4.000   1.0000          x2c2
196.0000    0    4.000   1.0000          NULL 
200.0000    3    4.000   1.0000          x1c2
204.0000    0    8.000   1.0000          NULL 
212.0000    2    4.000   1.0000          x2c1
216.0000    0    8.000   1.0000          NULL 
224.0000    1    4.000   1.0000          x1c1
228.0000    0   12.000   1.0000          NULL 
