  0.0000    1    4.000   1.0000          x1c1
  4.0000    0    6.000   1.0000          NULL 
 10.0000    3    4.000   1.0000          x1c2
 14.0000    0    6.000   1.0000          NULL 
 20.0000    4    4.000   1.0000          x2c2
 24.0000    0   12.000   1.0000          NULL 
 36.0000    4    4.000   1.0000          x2c2
 40.0000    0    8.000   1.0000          NULL 
 48.0000    3    4.000   1.0000          x1c2
 52.0000    0    2.000   1.0000          NULL 
 54.0000    1    4.000   1.0000          x1c1
 58.0000    0    4.000   1.0000          NULL 
 62.0000    4    4.000   1.0000          x2c2
 66.0000    0    2.000   1.0000          NULL 
 68.0000    3    4.000   1.0000          x1c2
 72.0000    0   10.000   1.0000          NULL 
 82.0000    4    4.000   1.0000          x2c2
 86.0000    0    8.000   1.0000          NULL 
 94.0000    1    4.000   1.0000          x1c1
 98.0000    0   12.000   1.0000          NULL 
110.0000    3    4.000   1.0000          x1c2
114.0000    0    8.000   1.0000          NULL 
122.0000    2    4.000   1.0000          x2c1
126.0000    0   10.000   1.0000          NULL 
136.0000    2    4.000   1.0000          x2c1
140.0000    0   14.000   1.0000          NULL 
154.0000    4    4.000   1.0000          x2c2
158.0000    0   10.000   1.0000          NULL 
168.0000    2    4.000   1.0000          x2c1
172.0000    0    6.000   1.0000          NULL 
178.0000    1    4.000   1.0000          x1c1
182.0000    0    8.000   1.0000          NULL 
190.0000    1    4.000   1.0000          x1c1
194.0000    0    8.000   1.0000          NULL 
202.0000    3    4.000   1.0000          x1c2
206.0000    0    4.000   1.0000          NULL 
210.0000    2    4.000   1.0000          x2c1
214.0000    0    8.000   1.0000          NULL 
222.0000    2    4.000   1.0000          x2c1
226.0000    0   14.000   1.0000          NULL 
