  0.0000    1    4.000   1.0000          x1c1
  4.0000    0   10.000   1.0000          NULL 
 14.0000    2    4.000   1.0000          x2c1
 18.0000    0    8.000   1.0000          NULL 
 26.0000    2    4.000   1.0000          x2c1
 30.0000    0    4.000   1.0000          NULL 
 34.0000    4    4.000   1.0000          x2c2
 38.0000    0    2.000   1.0000          NULL 
 40.0000    3    4.000   1.0000          x1c2
 44.0000    0    6.000   1.0000          NULL 
 50.0000    2    4.000   1.0000          x2c1
 54.0000    0    6.000   1.0000          NULL 
 60.0000    3    4.000   1.0000          x1c2
 64.0000    0    4.000   1.0000          NULL 
 68.0000    4    4.000   1.0000          x2c2
 72.0000    0   14.000   1.0000          NULL 
 86.0000    2    4.000   1.0000          x2c1
 90.0000    0    4.000   1.0000          NULL 
 94.0000    1    4.000   1.0000          x1c1
 98.0000    0    8.000   1.0000          NULL 
106.0000    4    4.000   1.0000          x2c2
110.0000    0    8.000   1.0000          NULL 
118.0000    4    4.000   1.0000          x2c2
122.0000    0   10.000   1.0000          NULL 
132.0000    3    4.000   1.0000          x1c2
136.0000    0    6.000   1.0000          NULL 
142.0000    3    4.000   1.0000          x1c2
146.0000    0    8.000   1.0000          NULL 
154.0000    1    4.000   1.0000          x1c1
158.0000    0    6.000   1.0000          NULL 
164.0000    4    4.000   1.0000          x2c2
168.0000    0   12.000   1.0000          NULL 
180.0000    3    4.000   1.0000          x1c2
184.0000    0    8.000   1.0000          NULL 
192.0000    1    4.000   1.0000          x1c1
196.0000    0    4.000   1.0000          NULL 
200.0000    2    4.000   1.0000          x2c1
204.0000    0   14.000   1.0000          NULL 
218.0000    1    4.000   1.0000          x1c1
222.0000    0   18.000   1.0000          NULL 
