  0.0000    3    4.000   1.0000          x1c2
  4.0000    0    2.000   1.0000          NULL 
  6.0000    3    4.000   1.0000          x1c2
 10.0000    0    4.000   1.0000          NULL 
 14.0000    1    4.000   1.0000          x1c1
 18.0000    0    8.000   1.0000          NULL 
 26.0000    2    4.000   1.0000          x2c1
 30.0000    0    4.000   1.0000          NULL 
 34.0000    4    4.000   1.0000          x2c2
 38.0000    0   10.000   1.0000          NULL 
 48.0000    4    4.000   1.0000          x2c2
 52.0000    0    6.000   1.0000          NULL 
 58.0000    2    4.000   1.0000          x2c1
 62.0000    0    2.000   1.0000          NULL 
 64.0000    1    4.000   1.0000          x1c1
 68.0000    0    4.000   1.0000          NULL 
 72.0000    2    4.000   1.0000          x2c1
 76.0000    0   10.000   1.0000          NULL 
 86.0000    3    4.000   1.0000          x1c2
 90.0000    0   14.000   1.0000          NULL 
104.0000    3    4.000   1.0000          x1c2
108.0000    0    8.000   1.0000          NULL 
116.0000    3    4.000   1.0000          x1c2
120.0000    0   12.000   1.0000          NULL 
132.0000    1    4.000   1.0000          x1c1
136.0000    0    6.000   1.0000          NULL 
142.0000    2    4.000   1.0000          x2c1
146.0000    0   12.000   1.0000          NULL 
158.0000    4    4.000   1.0000          x2c2
162.0000    0   14.000   1.0000          NULL 
176.0000    1    4.000   1.0000          x1c1
180.0000    0    6.000   1.0000          NULL 
186.0000    1    4.000   1.0000          x1c1
190.0000    0   10.000   1.0000          NULL 
200.0000    4    4.000   1.0000          x2c2
204.0000    0    8.000   1.0000          NULL 
212.0000    2    4.000   1.0000          x2c1
216.0000    0   10.000   1.0000          NULL 
226.0000    4    4.000   1.0000          x2c2
230.0000    0   10.000   1.0000          NULL 
