  0.0000    2    4.000   1.0000          x2c1
  4.0000    0   14.000   1.0000          NULL 
 18.0000    3    4.000   1.0000          x1c2
 22.0000    0    6.000   1.0000          NULL 
 28.0000    1    4.000   1.0000          x1c1
 32.0000    0   10.000   1.0000          NULL 
 42.0000    4    4.000   1.0000          x2c2
 46.0000    0    8.000   1.0000          NULL 
 54.0000    2    4.000   1.0000          x2c1
 58.0000    0   12.000   1.0000          NULL 
 70.0000    4    4.000   1.0000          x2c2
 74.0000    0    2.000   1.0000          NULL 
 76.0000    1    4.000   1.0000          x1c1
 80.0000    0    8.000   1.0000          NULL 
 88.0000    3    4.000   1.0000          x1c2
 92.0000    0    6.000   1.0000          NULL 
 98.0000    2    4.000   1.0000          x2c1
102.0000    0    4.000   1.0000          NULL 
106.0000    1    4.000   1.0000          x1c1
110.0000    0   12.000   1.0000          NULL 
122.0000    2    4.000   1.0000          x2c1
126.0000    0    6.000   1.0000          NULL 
132.0000    4    4.000   1.0000          x2c2
136.0000    0   14.000   1.0000          NULL 
150.0000    1    4.000   1.0000          x1c1
154.0000    0    8.000   1.0000          NULL 
162.0000    4    4.000   1.0000          x2c2
166.0000    0   14.000   1.0000          NULL 
180.0000    1    4.000   1.0000          x1c1
184.0000    0    4.000   1.0000          NULL 
188.0000    3    4.000   1.0000          x1c2
192.0000    0    2.000   1.0000          NULL 
194.0000    3    4.000   1.0000          x1c2
198.0000    0    8.000   1.0000          NULL 
206.0000    3    4.000   1.0000          x1c2
210.0000    0    8.000   1.0000          NULL 
218.0000    4    4.000   1.0000          x2c2
222.0000    0    2.000   1.0000          NULL 
224.0000    2    4.000   1.0000          x2c1
228.0000    0   12.000   1.0000          NULL 
