  0.0000    4    4.000   1.0000          x2c2
  4.0000    0   12.000   1.0000          NULL 
 16.0000    1    4.000   1.0000          x1c1
 20.0000    0   12.000   1.0000          NULL 
 32.0000    3    4.000   1.0000          x1c2
 36.0000    0    4.000   1.0000          NULL 
 40.0000    2    4.000   1.0000          x2c1
 44.0000    0    8.000   1.0000          NULL 
 52.0000    4    4.000   1.0000          x2c2
 56.0000    0    8.000   1.0000          NULL 
 64.0000    2    4.000   1.0000          x2c1
 68.0000    0    2.000   1.0000          NULL 
 70.0000    3    4.000   1.0000          x1c2
 74.0000    0    4.000   1.0000          NULL 
 78.0000    4    4.000   1.0000          x2c2
 82.0000    0    6.000   1.0000          NULL 
 88.0000    2    4.000   1.0000          x2c1
 92.0000    0   14.000   1.0000          NULL 
106.0000    1    4.000   1.0000          x1c1
110.0000    0    8.000   1.0000          NULL 
118.0000    1    4.000   1.0000          x1c1
122.0000    0    8.000   1.0000          NULL 
130.0000    4    4.000   1.0000          x2c2
134.0000    0    8.000   1.0000          NULL 
142.0000    3    4.000   1.0000          x1c2
146.0000    0    6.000   1.0000          NULL 
152.0000    2    4.000   1.0000          x2c1
156.0000    0   14.000   1.0000          NULL 
170.0000    3    4.000   1.0000          x1c2
174.0000    0    4.000   1.0000          NULL 
178.0000    1    4.000   1.0000          x1c1
182.0000    0    8.000   1.0000          NULL 
190.0000    2    4.000   1.0000          x2c1
194.0000    0    4.000   1.0000          NULL 
198.0000    1    4.000   1.0000          x1c1
202.0000    0    8.000   1.0000          NULL 
210.0000    3    4.000   1.0000          x1c2
214.0000    0    6.000   1.0000          NULL 
220.0000    4    4.000   1.0000          x2c2
224.0000    0   16.000   1.0000          NULL 
