  0.0000    1    4.000   1.0000          x1c1
  4.0000    0    8.000   1.0000          NULL 
 12.0000    3    4.000   1.0000          x1c2
 16.0000    0   10.000   1.0000          NULL 
 26.0000    1    4.000   1.0000          x1c1
 30.0000    0    6.000   1.0000          NULL 
 36.0000    3    4.000   1.0000          x1c2
 40.0000    0    8.000   1.0000          NULL 
 48.0000    4    4.000   1.0000          x2c2
 52.0000    0   12.000   1.0000          NULL 
 64.0000    4    4.000   1.0000          x2c2
 68.0000    0    4.000   1.0000          NULL 
 72.0000    3    4.000   1.0000          x1c2
 76.0000    0    8.000   1.0000          NULL 
 84.0000    2    4.000   1.0000          x2c1
 88.0000    0   12.000   1.0000          NULL 
100.0000    1    4.000   1.0000          x1c1
104.0000    0    8.000   1.0000          NULL 
112.0000    2    4.000   1.0000          x2c1
116.0000    0    6.000   1.0000          NULL 
122.0000    1    4.000   1.0000          x1c1
126.0000    0    4.000   1.0000          NULL 
130.0000    1    4.000   1.0000          x1c1
134.0000    0    4.000   1.0000          NULL 
138.0000    3    4.000   1.0000          x1c2
142.0000    0    8.000   1.0000          NULL 
150.0000    4    4.000   1.0000          x2c2
154.0000    0   10.000   1.0000          NULL 
164.0000    2    4.000   1.0000          x2c1
168.0000    0    2.000   1.0000          NULL 
170.0000    4    4.000   1.0000          x2c2
174.0000    0   10.000   1.0000          NULL 
184.0000    3    4.000   1.0000          x1c2
188.0000    0    2.000   1.0000          NULL 
190.0000    2    4.000   1.0000          x2c1
194.0000    0   10.000   1.0000          NULL 
204.0000    4    4.000   1.0000          x2c2
208.0000    0   10.000   1.0000          NULL 
218.0000    2    4.000   1.0000          x2c1
222.0000    0   18.000   1.0000          NULL 
