  0.0000    1    4.000   1.0000          x1c1
  4.0000    0    8.000   1.0000          NULL 
 12.0000    1    4.000   1.0000          x1c1
 16.0000    0    4.000   1.0000          NULL 
 20.0000    2    4.000   1.0000          x2c1
 24.0000    0   12.000   1.0000          NULL 
 36.0000    4    4.000   1.0000          x2c2
 40.0000    0    8.000   1.0000          NULL 
 48.0000    2    4.000   1.0000          x2c1
 52.0000    0   10.000   1.0000          NULL 
 62.0000    3    4.000   1.0000          x1c2
 66.0000    0    4.000   1.0000          NULL 
 70.0000    1    4.000   1.0000          x1c1
 74.0000    0    4.000   1.0000          NULL 
 78.0000    3    4.000   1.0000          x1c2
 82.0000    0    2.000   1.0000          NULL 
 84.0000    2    4.000   1.0000          x2c1
 88.0000    0   12.000   1.0000          NULL 
100.0000    3    4.000   1.0000          x1c2
104.0000    0   10.000   1.0000          NULL 
114.0000    2    4.000   1.0000          x2c1
118.0000    0    2.000   1.0000          NULL 
120.0000    3    4.000   1.0000          x1c2
124.0000    0   14.000   1.0000          NULL 
138.0000    2    4.000   1.0000          x2c1
142.0000    0   10.000   1.0000          NULL 
152.0000    4    4.000   1.0000          x2c2
156.0000    0    8.000   1.0000          NULL 
164.0000    3    4.000   1.0000          x1c2
168.0000    0   10.000   1.0000          NULL 
178.0000    1    4.000   1.0000          x1c1
182.0000    0    2.000   1.0000          NULL 
184.0000    1    4.000   1.0000          x1c1
188.0000    0   10.000   1.0000          NULL 
198.0000    4    4.000   1.0000          x2c2
202.0000    0    8.000   1.0000          NULL 
210.0000    4    4.000   1.0000          x2c2
214.0000    0   12.000   1.0000          NULL 
226.0000    4    4.000   1.0000          x2c2
230.0000    0   10.000   1.0000          NULL 
