  0.0000    2    4.000   1.0000          x2c1
  4.0000    0   12.000   1.0000          NULL 
 16.0000    3    4.000   1.0000          x1c2
 20.0000    0   12.000   1.0000          NULL 
 32.0000    2    4.000   1.0000          x2c1
 36.0000    0    6.000   1.0000          NULL 
 42.0000    3    4.000   1.0000          x1c2
 46.0000    0    2.000   1.0000          NULL 
 48.0000    1    4.000   1.0000          x1c1
 52.0000    0    2.000   1.0000          NULL 
 54.0000    1    4.000   1.0000          x1c1
 58.0000    0   10.000   1.0000          NULL 
 68.0000    4    4.000   1.0000          x2c2
 72.0000    0    6.000   1.0000          NULL 
 78.0000    3    4.000   1.0000          x1c2
 82.0000    0    8.000   1.0000          NULL 
 90.0000    4    4.000   1.0000          x2c2
 94.0000    0    6.000   1.0000          NULL 
100.0000    1    4.000   1.0000          x1c1
104.0000    0    8.000   1.0000          NULL 
112.0000    4    4.000   1.0000          x2c2
116.0000    0    2.000   1.0000          NULL 
118.0000    4    4.000   1.0000          x2c2
122.0000    0   12.000   1.0000          NULL 
134.0000    3    4.000   1.0000          x1c2
138.0000    0   12.000   1.0000          NULL 
150.0000    3    4.000   1.0000          x1c2
154.0000    0   12.000   1.0000          NULL 
166.0000    2    4.000   1.0000          x2c1
170.0000    0   10.000   1.0000          NULL 
180.0000    2    4.000   1.0000          x2c1
184.0000    0    4.000   1.0000          NULL 
188.0000    2    4.000   1.0000          x2c1
192.0000    0    2.000   1.0000          NULL 
194.0000    1    4.000   1.0000          x1c1
198.0000    0   10.000   1.0000          NULL 
208.0000    1    4.000   1.0000          x1c1
212.0000    0    8.000   1.0000          NULL 
220.0000    4    4.000   1.0000          x2c2
224.0000    0   16.000   1.0000          NULL 
