  0.0000    3    4.000   1.0000          x1c2
  4.0000    0    2.000   1.0000          NULL 
  6.0000    1    4.000   1.0000          x1c1
 10.0000    0   10.000   1.0000          NULL 
 20.0000    1    4.000   1.0000          x1c1
 24.0000    0    4.000   1.0000          NULL 
 28.0000    4    4.000   1.0000          x2c2
 32.0000    0    6.000   1.0000          NULL 
 38.0000    2    4.000   1.0000          x2c1
 42.0000    0    2.000   1.0000          NULL 
 44.0000    2    4.000   1.0000          x2c1
 48.0000    0    6.000   1.0000          NULL 
 54.0000    3    4.000   1.0000          x1c2
 58.0000    0    4.000   1.0000          NULL 
 62.0000    3    4.000   1.0000          x1c2
 66.0000    0    8.000   1.0000          NULL 
 74.0000    3    4.000   1.0000          x1c2
 78.0000    0   14.000   1.0000          NULL 
 92.0000    2    4.000   1.0000          x2c1
 96.0000    0   14.000   1.0000          NULL 
110.0000    2    4.000   1.0000          x2c1
114.0000    0    8.000   1.0000          NULL 
122.0000    4    4.000   1.0000          x2c2
126.0000    0    8.000   1.0000          NULL 
134.0000    1    4.000   1.0000          x1c1
138.0000    0   10.000   1.0000          NULL 
148.0000    4    4.000   1.0000          x2c2
152.0000    0    8.000   1.0000          NULL 
160.0000    3    4.000   1.0000          x1c2
164.0000    0    6.000   1.0000          NULL 
170.0000    4    4.000   1.0000          x2c2
174.0000    0    6.000   1.0000          NULL 
180.0000    1    4.000   1.0000          x1c1
184.0000    0   10.000   1.0000          NULL 
194.0000    1    4.000   1.0000          x1c1
198.0000    0   14.000   1.0000          NULL 
212.0000    4    4.000   1.0000          x2c2
216.0000    0    8.000   1.0000          NULL 
224.0000    2    4.000   1.0000          x2c1
228.0000    0   12.000   1.0000          NULL 
