  0.0000    4    4.000   1.0000          x2c2
  4.0000    0    8.000   1.0000          NULL 
 12.0000    4    4.000   1.0000          x2c2
 16.0000    0    8.000   1.0000          NULL 
 24.0000    3    4.000   1.0000          x1c2
 28.0000    0   10.000   1.0000          NULL 
 38.0000    2    4.000   1.0000          x2c1
 42.0000    0   14.000   1.0000          NULL 
 56.0000    1    4.000   1.0000          x1c1
 60.0000    0    2.000   1.0000          NULL 
 62.0000    3    4.000   1.0000          x1c2
 66.0000    0   12.000   1.0000          NULL 
 78.0000    2    4.000   1.0000          x2c1
 82.0000    0    6.000   1.0000          NULL 
 88.0000    3    4.000   1.0000          x1c2
 92.0000    0    8.000   1.0000          NULL 
100.0000    3    4.000   1.0000          x1c2
104.0000    0    6.000   1.0000          NULL 
110.0000    1    4.000   1.0000          x1c1
114.0000    0    2.000   1.0000          NULL 
116.0000    4    4.000   1.0000          x2c2
120.0000    0    4.000   1.0000          NULL 
124.0000    1    4.000   1.0000          x1c1
128.0000    0   12.000   1.0000          NULL 
140.0000    1    4.000   1.0000          x1c1
144.0000    0   10.000   1.0000          NULL 
154.0000    4    4.000   1.0000          x2c2
158.0000    0    6.000   1.0000          NULL 
164.0000    2    4.000   1.0000          x2c1
168.0000    0    8.000   1.0000          NULL 
176.0000    2    4.000   1.0000          x2c1
180.0000    0   10.000   1.0000          NULL 
190.0000    2    4.000   1.0000          x2c1
194.0000    0   10.000   1.0000          NULL 
204.0000    1    4.000   1.0000          x1c1
208.0000    0    6.000   1.0000          NULL 
214.0000    4    4.000   1.0000          x2c2
218.0000    0    8.000   1.0000          NULL 
226.0000    3    4.000   1.0000          x1c2
230.0000    0   10.000   1.0000          NULL 
