  0.0000    1    4.000   1.0000          x1c1
  4.0000    0    6.000   1.0000          NULL 
 10.0000    4    4.000   1.0000          x2c2
 14.0000    0    6.000   1.0000          NULL 
 20.0000    3    4.000   1.0000          x1c2
 24.0000    0   10.000   1.0000          NULL 
 34.0000    3    4.000   1.0000          x1c2
 38.0000    0    2.000   1.0000          NULL 
 40.0000    2    4.000   1.0000          x2c1
 44.0000    0    6.000   1.0000          NULL 
 50.0000    3    4.000   1.0000          x1c2
 54.0000    0    6.000   1.0000          NULL 
 60.0000    2    4.000   1.0000          x2c1
 64.0000    0   10.000   1.0000          NULL 
 74.0000    2    4.000   1.0000          x2c1
 78.0000    0    8.000   1.0000          NULL 
 86.0000    2    4.000   1.0000          x2c1
 90.0000    0    8.000   1.0000          NULL 
 98.0000    1    4.000   1.0000          x1c1
102.0000    0    8.000   1.0000          NULL 
110.0000    4    4.000   1.0000          x2c2
114.0000    0    8.000   1.0000          NULL 
122.0000    3    4.000   1.0000          x1c2
126.0000    0    4.000   1.0000          NULL 
130.0000    2    4.000   1.0000          x2c1
134.0000    0    4.000   1.0000          NULL 
138.0000    4    4.000   1.0000          x2c2
142.0000    0    8.000   1.0000          NULL 
150.0000    4    4.000   1.0000          x2c2
154.0000    0    6.000   1.0000          NULL 
160.0000    1    4.000   1.0000          x1c1
164.0000    0    2.000   1.0000          NULL 
166.0000    4    4.000   1.0000          x2c2
170.0000    0   10.000   1.0000          NULL 
180.0000    1    4.000   1.0000          x1c1
184.0000    0   12.000   1.0000          NULL 
196.0000    3    4.000   1.0000          x1c2
200.0000    0    8.000   1.0000          NULL 
208.0000    1    4.000   1.0000          x1c1
212.0000    0   28.000   1.0000          NULL 
