  0.0000    1    4.000   1.0000          x1c1
  4.0000    0    8.000   1.0000          NULL 
 12.0000    3    4.000   1.0000          x1c2
 16.0000    0   14.000   1.0000          NULL 
 30.0000    1    4.000   1.0000          x1c1
 34.0000    0   10.000   1.0000          NULL 
 44.0000    2    4.000   1.0000          x2c1
 48.0000    0   12.000   1.0000          NULL 
 60.0000    2    4.000   1.0000          x2c1
 64.0000    0    6.000   1.0000          NULL 
 70.0000    4    4.000   1.0000          x2c2
 74.0000    0    4.000   1.0000          NULL 
 78.0000    4    4.000   1.0000          x2c2
 82.0000    0    6.000   1.0000          NULL 
 88.0000    2    4.000   1.0000          x2c1
 92.0000    0    2.000   1.0000          NULL 
 94.0000    1    4.000   1.0000          x1c1
 98.0000    0    4.000   1.0000          NULL 
102.0000    3    4.000   1.0000          x1c2
106.0000    0   10.000   1.0000          NULL 
116.0000    1    4.000   1.0000          x1c1
120.0000    0    6.000   1.0000          NULL 
126.0000    2    4.000   1.0000          x2c1
130.0000    0    8.000   1.0000          NULL 
138.0000    4    4.000   1.0000          x2c2
142.0000    0    2.000   1.0000          NULL 
144.0000    3    4.000   1.0000          x1c2
148.0000    0   12.000   1.0000          NULL 
160.0000    4    4.000   1.0000          x2c2
164.0000    0   10.000   1.0000          NULL 
174.0000    4    4.000   1.0000          x2c2
178.0000    0   12.000   1.0000          NULL 
190.0000    3    4.000   1.0000          x1c2
194.0000    0   10.000   1.0000          NULL 
204.0000    2    4.000   1.0000          x2c1
208.0000    0    6.000   1.0000          NULL 
214.0000    1    4.000   1.0000          x1c1
218.0000    0    6.000   1.0000          NULL 
224.0000    3    4.000   1.0000          x1c2
228.0000    0   12.000   1.0000          NULL 
