  0.0000    4    4.000   1.0000          x2c2
  4.0000    0    6.000   1.0000          NULL 
 10.0000    3    4.000   1.0000          x1c2
 14.0000    0   14.000   1.0000          NULL 
 28.0000    1    4.000   1.0000          x1c1
 32.0000    0   10.000   1.0000          NULL 
 42.0000    3    4.000   1.0000          x1c2
 46.0000    0   10.000   1.0000          NULL 
 56.0000    1    4.000   1.0000          x1c1
 60.0000    0    4.000   1.0000          NULL 
 64.0000    3    4.000   1.0000          x1c2
 68.0000    0    8.000   1.0000          NULL 
 76.0000    3    4.000   1.0000          x1c2
 80.0000    0    2.000   1.0000          NULL 
 82.0000    1    4.000   1.0000          x1c1
 86.0000    0    8.000   1.0000          NULL 
 94.0000    2    4.000   1.0000          x2c1
 98.0000    0   10.000   1.0000          NULL 
108.0000    4    4.000   1.0000          x2c2
112.0000    0   14.000   1.0000          NULL 
126.0000    1    4.000   1.0000          x1c1
130.0000    0   10.000   1.0000          NULL 
140.0000    4    4.000   1.0000          x2c2
144.0000    0    4.000   1.0000          NULL 
148.0000    4    4.000   1.0000          x2c2
152.0000    0    2.000   1.0000          NULL 
154.0000    1    4.000   1.0000          x1c1
158.0000    0    6.000   1.0000          NULL 
164.0000    3    4.000   1.0000          x1c2
168.0000    0    6.000   1.0000          NULL 
174.0000    2    4.000   1.0000          x2c1
178.0000    0    6.000   1.0000          NULL 
184.0000    2    4.000   1.0000          x2c1
188.0000    0   12.000   1.0000          NULL 
200.0000    4    4.000   1.0000          x2c2
204.0000    0    6.000   1.0000          NULL 
210.0000    2    4.000   1.0000          x2c1
214.0000    0    8.000   1.0000          NULL 
222.0000    2    4.000   1.0000          x2c1
226.0000    0   14.000   1.0000          NULL 
