  0.0000    1    4.000   1.0000          x1c1
  4.0000    0   10.000   1.0000          NULL 
 14.0000    3    4.000   1.0000          x1c2
 18.0000    0    8.000   1.0000          NULL 
 26.0000    3    4.000   1.0000          x1c2
 30.0000    0    4.000   1.0000          NULL 
 34.0000    2    4.000   1.0000          x2c1
 38.0000    0    4.000   1.0000          NULL 
 42.0000    4    4.000   1.0000          x2c2
 46.0000    0    4.000   1.0000          NULL 
 50.0000    3    4.000   1.0000          x1c2
 54.0000    0    4.000   1.0000          NULL 
 58.0000    1    4.000   1.0000          x1c1
 62.0000    0    6.000   1.0000          NULL 
 68.0000    3    4.000   1.0000          x1c2
 72.0000    0   10.000   1.0000          NULL 
 82.0000    4    4.000   1.0000          x2c2
 86.0000    0    8.000   1.0000          NULL 
 94.0000    1    4.000   1.0000          x1c1
 98.0000    0   12.000   1.0000          NULL 
110.0000    3    4.000   1.0000          x1c2
114.0000    0   12.000   1.0000          NULL 
126.0000    2    4.000   1.0000          x2c1
130.0000    0    8.000   1.0000          NULL 
138.0000    2    4.000   1.0000          x2c1
142.0000    0    8.000   1.0000          NULL 
150.0000    2    4.000   1.0000          x2c1
154.0000    0   14.000   1.0000          NULL 
168.0000    1    4.000   1.0000          x1c1
172.0000    0    8.000   1.0000          NULL 
180.0000    4    4.000   1.0000          x2c2
184.0000    0   12.000   1.0000          NULL 
196.0000    4    4.000   1.0000          x2c2
200.0000    0    2.000   1.0000          NULL 
202.0000    4    4.000   1.0000          x2c2
206.0000    0    4.000   1.0000          NULL 
210.0000    2    4.000   1.0000          x2c1
214.0000    0   12.000   1.0000          NULL 
226.0000    1    4.000   1.0000          x1c1
230.0000    0   10.000   1.0000          NULL 
