  0.0000    1    4.000   1.0000          x1c1
  4.0000    0    8.000   1.0000          NULL 
 12.0000    3    4.000   1.0000          x1c2
 16.0000    0   12.000   1.0000          NULL 
 28.0000    1    4.000   1.0000          x1c1
 32.0000    0    2.000   1.0000          NULL 
 34.0000    4    4.000   1.0000          x2c2
 38.0000    0   12.000   1.0000          NULL 
 50.0000    2    4.000   1.0000          x2c1
 54.0000    0   10.000   1.0000          NULL 
 64.0000    1    4.000   1.0000          x1c1
 68.0000    0   10.000   1.0000          NULL 
 78.0000    3    4.000   1.0000          x1c2
 82.0000    0   12.000   1.0000          NULL 
 94.0000    2    4.000   1.0000          x2c1
 98.0000    0    8.000   1.0000          NULL 
106.0000    3    4.000   1.0000          x1c2
110.0000    0    4.000   1.0000          NULL 
114.0000    4    4.000   1.0000          x2c2
118.0000    0   10.000   1.0000          NULL 
128.0000    2    4.000   1.0000          x2c1
132.0000    0   10.000   1.0000          NULL 
142.0000    3    4.000   1.0000          x1c2
146.0000    0    4.000   1.0000          NULL 
150.0000    2    4.000   1.0000          x2c1
154.0000    0   10.000   1.0000          NULL 
164.0000    2    4.000   1.0000          x2c1
168.0000    0    6.000   1.0000          NULL 
174.0000    1    4.000   1.0000          x1c1
178.0000    0   10.000   1.0000          NULL 
188.0000    3    4.000   1.0000          x1c2
192.0000    0    4.000   1.0000          NULL 
196.0000    1    4.000   1.0000          x1c1
200.0000    0    6.000   1.0000          NULL 
206.0000    4    4.000   1.0000          x2c2
210.0000    0    6.000   1.0000          NULL 
216.0000    4    4.000   1.0000          x2c2
220.0000    0    4.000   1.0000          NULL 
224.0000    4    4.000   1.0000          x2c2
228.0000    0   12.000   1.0000          NULL 
