  0.0000    4    4.000   1.0000          x2c2
  4.0000    0    8.000   1.0000          NULL 
 12.0000    1    4.000   1.0000          x1c1
 16.0000    0    2.000   1.0000          NULL 
 18.0000    1    4.000   1.0000          x1c1
 22.0000    0    6.000   1.0000          NULL 
 28.0000    1    4.000   1.0000          x1c1
 32.0000    0   10.000   1.0000          NULL 
 42.0000    3    4.000   1.0000          x1c2
 46.0000    0    2.000   1.0000          NULL 
 48.0000    4    4.000   1.0000          x2c2
 52.0000    0   14.000   1.0000          NULL 
 66.0000    2    4.000   1.0000          x2c1
 70.0000    0    4.000   1.0000          NULL 
 74.0000    3    4.000   1.0000          x1c2
 78.0000    0   12.000   1.0000          NULL 
 90.0000    4    4.000   1.0000          x2c2
 94.0000    0    8.000   1.0000          NULL 
102.0000    3    4.000   1.0000          x1c2
106.0000    0    2.000   1.0000          NULL 
108.0000    3    4.000   1.0000          x1c2
112.0000    0   12.000   1.0000          NULL 
124.0000    1    4.000   1.0000          x1c1
128.0000    0   12.000   1.0000          NULL 
140.0000    4    4.000   1.0000          x2c2
144.0000    0   10.000   1.0000          NULL 
154.0000    1    4.000   1.0000          x1c1
158.0000    0    6.000   1.0000          NULL 
164.0000    3    4.000   1.0000          x1c2
168.0000    0   12.000   1.0000          NULL 
180.0000    2    4.000   1.0000          x2c1
184.0000    0   12.000   1.0000          NULL 
196.0000    4    4.000   1.0000          x2c2
200.0000    0    4.000   1.0000          NULL 
204.0000    2    4.000   1.0000          x2c1
208.0000    0   10.000   1.0000          NULL 
218.0000    2    4.000   1.0000          x2c1
222.0000    0    4.000   1.0000          NULL 
226.0000    2    4.000   1.0000          x2c1
230.0000    0   10.000   1.0000          NULL 
