  0.0000    1    4.000   1.0000          x1c1
  4.0000    0   14.000   1.0000          NULL 
 18.0000    1    4.000   1.0000          x1c1
 22.0000    0    2.000   1.0000          NULL 
 24.0000    2    4.000   1.0000          x2c1
 28.0000    0    4.000   1.0000          NULL 
 32.0000    3    4.000   1.0000          x1c2
 36.0000    0    2.000   1.0000          NULL 
 38.0000    2    4.000   1.0000          x2c1
 42.0000    0    4.000   1.0000          NULL 
 46.0000    4    4.000   1.0000          x2c2
 50.0000    0   10.000   1.0000          NULL 
 60.0000    3    4.000   1.0000          x1c2
 64.0000    0   10.000   1.0000          NULL 
 74.0000    3    4.000   1.0000          x1c2
 78.0000    0   10.000   1.0000          NULL 
 88.0000    1    4.000   1.0000          x1c1
 92.0000    0    8.000   1.0000          NULL 
100.0000    2    4.000   1.0000          x2c1
104.0000    0   10.000   1.0000          NULL 
114.0000    4    4.000   1.0000          x2c2
118.0000    0    6.000   1.0000          NULL 
124.0000    4    4.000   1.0000          x2c2
128.0000    0    4.000   1.0000          NULL 
132.0000    1    4.000   1.0000          x1c1
136.0000    0    8.000   1.0000          NULL 
144.0000    3    4.000   1.0000          x1c2
148.0000    0    6.000   1.0000          NULL 
154.0000    3    4.000   1.0000          x1c2
158.0000    0   10.000   1.0000          NULL 
168.0000    4    4.000   1.0000          x2c2
172.0000    0   10.000   1.0000          NULL 
182.0000    2    4.000   1.0000          x2c1
186.0000    0   14.000   1.0000          NULL 
200.0000    1    4.000   1.0000          x1c1
204.0000    0   10.000   1.0000          NULL 
214.0000    4    4.000   1.0000          x2c2
218.0000    0    6.000   1.0000          NULL 
224.0000    2    4.000   1.0000          x2c1
228.0000    0   12.000   1.0000          NULL 
