  0.0000    4    4.000   1.0000          x2c2
  4.0000    0   14.000   1.0000          NULL 
 18.0000    4    4.000   1.0000          x2c2
 22.0000    0    8.000   1.0000          NULL 
 30.0000    1    4.000   1.0000          x1c1
 34.0000    0    6.000   1.0000          NULL 
 40.0000    2    4.000   1.0000          x2c1
 44.0000    0    8.000   1.0000          NULL 
 52.0000    2    4.000   1.0000          x2c1
 56.0000    0   14.000   1.0000          NULL 
 70.0000    3    4.000   1.0000          x1c2
 74.0000    0    6.000   1.0000          NULL 
 80.0000    1    4.000   1.0000          x1c1
 84.0000    0   10.000   1.0000          NULL 
 94.0000    3    4.000   1.0000          x1c2
 98.0000    0    6.000   1.0000          NULL 
104.0000    4    4.000   1.0000          x2c2
108.0000    0   12.000   1.0000          NULL 
120.0000    1    4.000   1.0000          x1c1
124.0000    0   10.000   1.0000          NULL 
134.0000    1    4.000   1.0000          x1c1
138.0000    0    2.000   1.0000          NULL 
140.0000    4    4.000   1.0000          x2c2
144.0000    0    8.000   1.0000          NULL 
152.0000    1    4.000   1.0000          x1c1
156.0000    0    2.000   1.0000          NULL 
158.0000    3    4.000   1.0000          x1c2
162.0000    0    6.000   1.0000          NULL 
168.0000    2    4.000   1.0000          x2c1
172.0000    0    8.000   1.0000          NULL 
180.0000    3    4.000   1.0000          x1c2
184.0000    0   10.000   1.0000          NULL 
194.0000    4    4.000   1.0000          x2c2
198.0000    0    4.000   1.0000          NULL 
202.0000    2    4.000   1.0000          x2c1
206.0000    0    8.000   1.0000          NULL 
214.0000    3    4.000   1.0000          x1c2
218.0000    0    6.000   1.0000          NULL 
224.0000    2    4.000   1.0000          x2c1
228.0000    0   12.000   1.0000          NULL 
