  0.0000    1    4.000   1.0000          x1c1
  4.0000    0    2.000   1.0000          NULL 
  6.0000    4    4.000   1.0000          x2c2
 10.0000    0    6.000   1.0000          NULL 
 16.0000    3    4.000   1.0000          x1c2
 20.0000    0   12.000   1.0000          NULL 
 32.0000    1    4.000   1.0000          x1c1
 36.0000    0   10.000   1.0000          NULL 
 46.0000    2    4.000   1.0000          x2c1
 50.0000    0    6.000   1.0000          NULL 
 56.0000    2    4.000   1.0000          x2c1
 60.0000    0    8.000   1.0000          NULL 
 68.0000    3    4.000   1.0000          x1c2
 72.0000    0   10.000   1.0000          NULL 
 82.0000    4    4.000   1.0000          x2c2
 86.0000    0   14.000   1.0000          NULL 
100.0000    3    4.000   1.0000          x1c2
104.0000    0    8.000   1.0000          NULL 
112.0000    3    4.000   1.0000          x1c2
116.0000    0    4.000   1.0000          NULL 
120.0000    1    4.000   1.0000          x1c1
124.0000    0    2.000   1.0000          NULL 
126.0000    1    4.000   1.0000          x1c1
130.0000    0   10.000   1.0000          NULL 
140.0000    2    4.000   1.0000          x2c1
144.0000    0    8.000   1.0000          NULL 
152.0000    2    4.000   1.0000          x2c1
156.0000    0    6.000   1.0000          NULL 
162.0000    1    4.000   1.0000          x1c1
166.0000    0    4.000   1.0000          NULL 
170.0000    4    4.000   1.0000          x2c2
174.0000    0    8.000   1.0000          NULL 
182.0000    2    4.000   1.0000          x2c1
186.0000    0    8.000   1.0000          NULL 
194.0000    4    4.000   1.0000          x2c2
198.0000    0    8.000   1.0000          NULL 
206.0000    4    4.000   1.0000          x2c2
210.0000    0    2.000   1.0000          NULL 
212.0000    3    4.000   1.0000          x1c2
216.0000    0   24.000   1.0000          NULL 
