  0.0000    1    4.000   1.0000          x1c1
  4.0000    0   10.000   1.0000          NULL 
 14.0000    2    4.000   1.0000          x2c1
 18.0000    0    4.000   1.0000          NULL 
 22.0000    1    4.000   1.0000          x1c1
 26.0000    0   10.000   1.0000          NULL 
 36.0000    4    4.000   1.0000          x2c2
 40.0000    0   14.000   1.0000          NULL 
 54.0000    4    4.000   1.0000          x2c2
 58.0000    0    2.000   1.0000          NULL 
 60.0000    3    4.000   1.0000          x1c2
 64.0000    0   10.000   1.0000          NULL 
 74.0000    3    4.000   1.0000          x1c2
 78.0000    0    4.000   1.0000          NULL 
 82.0000    2    4.000   1.0000          x2c1
 86.0000    0    6.000   1.0000          NULL 
 92.0000    3    4.000   1.0000          x1c2
 96.0000    0    8.000   1.0000          NULL 
104.0000    2    4.000   1.0000          x2c1
108.0000    0   14.000   1.0000          NULL 
122.0000    1    4.000   1.0000          x1c1
126.0000    0    2.000   1.0000          NULL 
128.0000    4    4.000   1.0000          x2c2
132.0000    0    4.000   1.0000          NULL 
136.0000    4    4.000   1.0000          x2c2
140.0000    0    8.000   1.0000          NULL 
148.0000    1    4.000   1.0000          x1c1
152.0000    0    8.000   1.0000          NULL 
160.0000    4    4.000   1.0000          x2c2
164.0000    0   14.000   1.0000          NULL 
178.0000    3    4.000   1.0000          x1c2
182.0000    0    2.000   1.0000          NULL 
184.0000    3    4.000   1.0000          x1c2
188.0000    0   14.000   1.0000          NULL 
202.0000    2    4.000   1.0000          x2c1
206.0000    0   10.000   1.0000          NULL 
216.0000    2    4.000   1.0000          x2c1
220.0000    0    6.000   1.0000          NULL 
226.0000    1    4.000   1.0000          x1c1
230.0000    0   10.000   1.0000          NULL 
