  0.0000    2    4.000   1.0000          x2c1
  4.0000    0   12.000   1.0000          NULL 
 16.0000    4    4.000   1.0000          x2c2
 20.0000    0   12.000   1.0000          NULL 
 32.0000    3    4.000   1.0000          x1c2
 36.0000    0    4.000   1.0000          NULL 
 40.0000    2    4.000   1.0000          x2c1
 44.0000    0   10.000   1.0000          NULL 
 54.0000    3    4.000   1.0000          x1c2
 58.0000    0   14.000   1.0000          NULL 
 72.0000    2    4.000   1.0000          x2c1
 76.0000    0    2.000   1.0000          NULL 
 78.0000    1    4.000   1.0000          x1c1
 82.0000    0    8.000   1.0000          NULL 
 90.0000    1    4.000   1.0000          x1c1
 94.0000    0   10.000   1.0000          NULL 
104.0000    4    4.000   1.0000          x2c2
108.0000    0    8.000   1.0000          NULL 
116.0000    2    4.000   1.0000          x2c1
120.0000    0    4.000   1.0000          NULL 
124.0000    3    4.000   1.0000          x1c2
128.0000    0    8.000   1.0000          NULL 
136.0000    2    4.000   1.0000          x2c1
140.0000    0   12.000   1.0000          NULL 
152.0000    1    4.000   1.0000          x1c1
156.0000    0    6.000   1.0000          NULL 
162.0000    4    4.000   1.0000          x2c2
166.0000    0    4.000   1.0000          NULL 
170.0000    4    4.000   1.0000          x2c2
174.0000    0    6.000   1.0000          NULL 
180.0000    3    4.000   1.0000          x1c2
184.0000    0   12.000   1.0000          NULL 
196.0000    1    4.000   1.0000          x1c1
200.0000    0    2.000   1.0000          NULL 
202.0000    3    4.000   1.0000          x1c2
206.0000    0   10.000   1.0000          NULL 
216.0000    4    4.000   1.0000          x2c2
220.0000    0    6.000   1.0000          NULL 
226.0000    1    4.000   1.0000          x1c1
230.0000    0   10.000   1.0000          NULL 
