  0.0000    4    4.000   1.0000          x2c2
  4.0000    0    6.000   1.0000          NULL 
 10.0000    2    4.000   1.0000          x2c1
 14.0000    0    2.000   1.0000          NULL 
 16.0000    3    4.000   1.0000          x1c2
 20.0000    0   14.000   1.0000          NULL 
 34.0000    1    4.000   1.0000          x1c1
 38.0000    0    4.000   1.0000          NULL 
 42.0000    1    4.000   1.0000          x1c1
 46.0000    0    6.000   1.0000          NULL 
 52.0000    2    4.000   1.0000          x2c1
 56.0000    0   10.000   1.0000          NULL 
 66.0000    3    4.000   1.0000          x1c2
 70.0000    0    8.000   1.0000          NULL 
 78.0000    3    4.000   1.0000          x1c2
 82.0000    0   14.000   1.0000          NULL 
 96.0000    2    4.000   1.0000          x2c1
100.0000    0    4.000   1.0000          NULL 
104.0000    4    4.000   1.0000          x2c2
108.0000    0   12.000   1.0000          NULL 
120.0000    2    4.000   1.0000          x2c1
124.0000    0   10.000   1.0000          NULL 
134.0000    3    4.000   1.0000          x1c2
138.0000    0    4.000   1.0000          NULL 
142.0000    1    4.000   1.0000          x1c1
146.0000    0    8.000   1.0000          NULL 
154.0000    1    4.000   1.0000          x1c1
158.0000    0   10.000   1.0000          NULL 
168.0000    1    4.000   1.0000          x1c1
172.0000    0   12.000   1.0000          NULL 
184.0000    2    4.000   1.0000          x2c1
188.0000    0   12.000   1.0000          NULL 
200.0000    4    4.000   1.0000          x2c2
204.0000    0    2.000   1.0000          NULL 
206.0000    4    4.000   1.0000          x2c2
210.0000    0    2.000   1.0000          NULL 
212.0000    3    4.000   1.0000          x1c2
216.0000    0   10.000   1.0000          NULL 
226.0000    4    4.000   1.0000          x2c2
230.0000    0   10.000   1.0000          NULL 
