  0.0000    3    4.000   1.0000          x1c2
  4.0000    0    4.000   1.0000          NULL 
  8.0000    3    4.000   1.0000          x1c2
 12.0000    0   10.000   1.0000          NULL 
 22.0000    4    4.000   1.0000          x2c2
 26.0000    0   10.000   1.0000          NULL 
 36.0000    2    4.000   1.0000          x2c1
 40.0000    0   10.000   1.0000          NULL 
 50.0000    1    4.000   1.0000          x1c1
 54.0000    0    8.000   1.0000          NULL 
 62.0000    1    4.000   1.0000          x1c1
 66.0000    0    6.000   1.0000          NULL 
 72.0000    1    4.000   1.0000          x1c1
 76.0000    0    8.000   1.0000          NULL 
 84.0000    3    4.000   1.0000          x1c2
 88.0000    0    4.000   1.0000          NULL 
 92.0000    2    4.000   1.0000          x2c1
 96.0000    0    6.000   1.0000          NULL 
102.0000    2    4.000   1.0000          x2c1
106.0000    0    4.000   1.0000          NULL 
110.0000    2    4.000   1.0000          x2c1
114.0000    0    4.000   1.0000          NULL 
118.0000    3    4.000   1.0000          x1c2
122.0000    0   12.000   1.0000          NULL 
134.0000    3    4.000   1.0000          x1c2
138.0000    0    8.000   1.0000          NULL 
146.0000    4    4.000   1.0000          x2c2
150.0000    0    6.000   1.0000          NULL 
156.0000    1    4.000   1.0000          x1c1
160.0000    0   10.000   1.0000          NULL 
170.0000    4    4.000   1.0000          x2c2
174.0000    0    8.000   1.0000          NULL 
182.0000    1    4.000   1.0000          x1c1
186.0000    0   14.000   1.0000          NULL 
200.0000    2    4.000   1.0000          x2c1
204.0000    0    8.000   1.0000          NULL 
212.0000    4    4.000   1.0000          x2c2
216.0000    0   10.000   1.0000          NULL 
226.0000    4    4.000   1.0000          x2c2
230.0000    0   10.000   1.0000          NULL 
