  0.0000    2    4.000   1.0000          x2c1
  4.0000    0    6.000   1.0000          NULL 
 10.0000    2    4.000   1.0000          x2c1
 14.0000    0   14.000   1.0000          NULL 
 28.0000    2    4.000   1.0000          x2c1
 32.0000    0    6.000   1.0000          NULL 
 38.0000    4    4.000   1.0000          x2c2
 42.0000    0   10.000   1.0000          NULL 
 52.0000    2    4.000   1.0000          x2c1
 56.0000    0   10.000   1.0000          NULL 
 66.0000    4    4.000   1.0000          x2c2
 70.0000    0    2.000   1.0000          NULL 
 72.0000    1    4.000   1.0000          x1c1
 76.0000    0    4.000   1.0000          NULL 
 80.0000    3    4.000   1.0000          x1c2
 84.0000    0   10.000   1.0000          NULL 
 94.0000    3    4.000   1.0000          x1c2
 98.0000    0    6.000   1.0000          NULL 
104.0000    4    4.000   1.0000          x2c2
108.0000    0    2.000   1.0000          NULL 
110.0000    2    4.000   1.0000          x2c1
114.0000    0   12.000   1.0000          NULL 
126.0000    1    4.000   1.0000          x1c1
130.0000    0   12.000   1.0000          NULL 
142.0000    3    4.000   1.0000          x1c2
146.0000    0    6.000   1.0000          NULL 
152.0000    3    4.000   1.0000          x1c2
156.0000    0   10.000   1.0000          NULL 
166.0000    1    4.000   1.0000          x1c1
170.0000    0   10.000   1.0000          NULL 
180.0000    3    4.000   1.0000          x1c2
184.0000    0    4.000   1.0000          NULL 
188.0000    1    4.000   1.0000          x1c1
192.0000    0    6.000   1.0000          NULL 
198.0000    4    4.000   1.0000          x2c2
202.0000    0   12.000   1.0000          NULL 
214.0000    4    4.000   1.0000          x2c2
218.0000    0    6.000   1.0000          NULL 
224.0000    1    4.000   1.0000          x1c1
228.0000    0   12.000   1.0000          NULL 
