  0.0000    3    4.000   1.0000          x1c2
  4.0000    0    2.000   1.0000          NULL 
  6.0000    1    4.000   1.0000          x1c1
 10.0000    0    8.000   1.0000          NULL 
 18.0000    2    4.000   1.0000          x2c1
 22.0000    0   12.000   1.0000          NULL 
 34.0000    1    4.000   1.0000          x1c1
 38.0000    0    6.000   1.0000          NULL 
 44.0000    4    4.000   1.0000          x2c2
 48.0000    0    4.000   1.0000          NULL 
 52.0000    4    4.000   1.0000          x2c2
 56.0000    0    6.000   1.0000          NULL 
 62.0000    1    4.000   1.0000          x1c1
 66.0000    0    4.000   1.0000          NULL 
 70.0000    2    4.000   1.0000          x2c1
 74.0000    0    2.000   1.0000          NULL 
 76.0000    3    4.000   1.0000          x1c2
 80.0000    0    8.000   1.0000          NULL 
 88.0000    4    4.000   1.0000          x2c2
 92.0000    0   10.000   1.0000          NULL 
102.0000    1    4.000   1.0000          x1c1
106.0000    0    4.000   1.0000          NULL 
110.0000    3    4.000   1.0000          x1c2
114.0000    0    4.000   1.0000          NULL 
118.0000    1    4.000   1.0000          x1c1
122.0000    0    8.000   1.0000          NULL 
130.0000    3    4.000   1.0000          x1c2
134.0000    0   10.000   1.0000          NULL 
144.0000    2    4.000   1.0000          x2c1
148.0000    0   14.000   1.0000          NULL 
162.0000    2    4.000   1.0000          x2c1
166.0000    0   10.000   1.0000          NULL 
176.0000    2    4.000   1.0000          x2c1
180.0000    0    8.000   1.0000          NULL 
188.0000    4    4.000   1.0000          x2c2
192.0000    0   12.000   1.0000          NULL 
204.0000    4    4.000   1.0000          x2c2
208.0000    0   10.000   1.0000          NULL 
218.0000    3    4.000   1.0000          x1c2
222.0000    0   18.000   1.0000          NULL 
