  0.0000    2    4.000   1.0000          x2c1
  4.0000    0    8.000   1.0000          NULL 
 12.0000    1    4.000   1.0000          x1c1
 16.0000    0    8.000   1.0000          NULL 
 24.0000    4    4.000   1.0000          x2c2
 28.0000    0    6.000   1.0000          NULL 
 34.0000    1    4.000   1.0000          x1c1
 38.0000    0    8.000   1.0000          NULL 
 46.0000    4    4.000   1.0000          x2c2
 50.0000    0    6.000   1.0000          NULL 
 56.0000    3    4.000   1.0000          x1c2
 60.0000    0   10.000   1.0000          NULL 
 70.0000    3    4.000   1.0000          x1c2
 74.0000    0   12.000   1.0000          NULL 
 86.0000    2    4.000   1.0000          x2c1
 90.0000    0   12.000   1.0000          NULL 
102.0000    1    4.000   1.0000          x1c1
106.0000    0    2.000   1.0000          NULL 
108.0000    2    4.000   1.0000          x2c1
112.0000    0   10.000   1.0000          NULL 
122.0000    1    4.000   1.0000          x1c1
126.0000    0   14.000   1.0000          NULL 
140.0000    3    4.000   1.0000          x1c2
144.0000    0    2.000   1.0000          NULL 
146.0000    2    4.000   1.0000          x2c1
150.0000    0    6.000   1.0000          NULL 
156.0000    2    4.000   1.0000          x2c1
160.0000    0    8.000   1.0000          NULL 
168.0000    4    4.000   1.0000          x2c2
172.0000    0    8.000   1.0000          NULL 
180.0000    1    4.000   1.0000          x1c1
184.0000    0    6.000   1.0000          NULL 
190.0000    4    4.000   1.0000          x2c2
194.0000    0    2.000   1.0000          NULL 
196.0000    4    4.000   1.0000          x2c2
200.0000    0   10.000   1.0000          NULL 
210.0000    3    4.000   1.0000          x1c2
214.0000    0    6.000   1.0000          NULL 
220.0000    3    4.000   1.0000          x1c2
224.0000    0   16.000   1.0000          NULL 
