  0.0000    4    4.000   1.0000          x2c2
  4.0000    0   12.000   1.0000          NULL 
 16.0000    2    4.000   1.0000          x2c1
 20.0000    0    6.000   1.0000          NULL 
 26.0000    2    4.000   1.0000          x2c1
 30.0000    0   12.000   1.0000          NULL 
 42.0000    3    4.000   1.0000          x1c2
 46.0000    0    8.000   1.0000          NULL 
 54.0000    1    4.000   1.0000          x1c1
 58.0000    0   14.000   1.0000          NULL 
 72.0000    2    4.000   1.0000          x2c1
 76.0000    0    8.000   1.0000          NULL 
 84.0000    2    4.000   1.0000          x2c1
 88.0000    0   12.000   1.0000          NULL 
100.0000    4    4.000   1.0000          x2c2
104.0000    0    8.000   1.0000          NULL 
112.0000    3    4.000   1.0000          x1c2
116.0000    0    4.000   1.0000          NULL 
120.0000    1    4.000   1.0000          x1c1
124.0000    0    2.000   1.0000          NULL 
126.0000    4    4.000   1.0000          x2c2
130.0000    0    6.000   1.0000          NULL 
136.0000    3    4.000   1.0000          x1c2
140.0000    0   10.000   1.0000          NULL 
150.0000    2    4.000   1.0000          x2c1
154.0000    0    4.000   1.0000          NULL 
158.0000    3    4.000   1.0000          x1c2
162.0000    0    8.000   1.0000          NULL 
170.0000    1    4.000   1.0000          x1c1
174.0000    0    6.000   1.0000          NULL 
180.0000    3    4.000   1.0000          x1c2
184.0000    0    2.000   1.0000          NULL 
186.0000    4    4.000   1.0000          x2c2
190.0000    0   10.000   1.0000          NULL 
200.0000    1    4.000   1.0000          x1c1
204.0000    0    4.000   1.0000          NULL 
208.0000    4    4.000   1.0000          x2c2
212.0000    0    6.000   1.0000          NULL 
218.0000    1    4.000   1.0000          x1c1
222.0000    0   18.000   1.0000          NULL 
