  0.0000    1    4.000   1.0000          x1c1
  4.0000    0   10.000   1.0000          NULL 
 14.0000    3    4.000   1.0000          x1c2
 18.0000    0    6.000   1.0000          NULL 
 24.0000    4    4.000   1.0000          x2c2
 28.0000    0    8.000   1.0000          NULL 
 36.0000    1    4.000   1.0000          x1c1
 40.0000    0    6.000   1.0000          NULL 
 46.0000    4    4.000   1.0000          x2c2
 50.0000    0   12.000   1.0000          NULL 
 62.0000    1    4.000   1.0000          x1c1
 66.0000    0    6.000   1.0000          NULL 
 72.0000    3    4.000   1.0000          x1c2
 76.0000    0   12.000   1.0000          NULL 
 88.0000    3    4.000   1.0000          x1c2
 92.0000    0   10.000   1.0000          NULL 
102.0000    3    4.000   1.0000          x1c2
106.0000    0    6.000   1.0000          NULL 
112.0000    4    4.000   1.0000          x2c2
116.0000    0    6.000   1.0000          NULL 
122.0000    2    4.000   1.0000          x2c1
126.0000    0   14.000   1.0000          NULL 
140.0000    4    4.000   1.0000          x2c2
144.0000    0   10.000   1.0000          NULL 
154.0000    4    4.000   1.0000          x2c2
158.0000    0    4.000   1.0000          NULL 
162.0000    2    4.000   1.0000          x2c1
166.0000    0   10.000   1.0000          NULL 
176.0000    1    4.000   1.0000          x1c1
180.0000    0    6.000   1.0000          NULL 
186.0000    1    4.000   1.0000          x1c1
190.0000    0   10.000   1.0000          NULL 
200.0000    2    4.000   1.0000          x2c1
204.0000    0    8.000   1.0000          NULL 
212.0000    3    4.000   1.0000          x1c2
216.0000    0    2.000   1.0000          NULL 
218.0000    2    4.000   1.0000          x2c1
222.0000    0    2.000   1.0000          NULL 
224.0000    2    4.000   1.0000          x2c1
228.0000    0   12.000   1.0000          NULL 
