  0.0000    2    4.000   1.0000          x2c1
  4.0000    0    4.000   1.0000          NULL 
  8.0000    4    4.000   1.0000          x2c2
 12.0000    0    8.000   1.0000          NULL 
 20.0000    1    4.000   1.0000          x1c1
 24.0000    0    8.000   1.0000          NULL 
 32.0000    2    4.000   1.0000          x2c1
 36.0000    0    2.000   1.0000          NULL 
 38.0000    3    4.000   1.0000          x1c2
 42.0000    0    6.000   1.0000          NULL 
 48.0000    1    4.000   1.0000          x1c1
 52.0000    0    2.000   1.0000          NULL 
 54.0000    2    4.000   1.0000          x2c1
 58.0000    0    8.000   1.0000          NULL 
 66.0000    1    4.000   1.0000          x1c1
 70.0000    0   14.000   1.0000          NULL 
 84.0000    3    4.000   1.0000          x1c2
 88.0000    0   12.000   1.0000          NULL 
100.0000    3    4.000   1.0000          x1c2
104.0000    0    8.000   1.0000          NULL 
112.0000    2    4.000   1.0000          x2c1
116.0000    0    8.000   1.0000          NULL 
124.0000    3    4.000   1.0000          x1c2
128.0000    0    6.000   1.0000          NULL 
134.0000    2    4.000   1.0000          x2c1
138.0000    0   10.000   1.0000          NULL 
148.0000    4    4.000   1.0000          x2c2
152.0000    0    8.000   1.0000          NULL 
160.0000    4    4.000   1.0000          x2c2
164.0000    0    8.000   1.0000          NULL 
172.0000    1    4.000   1.0000          x1c1
176.0000    0    8.000   1.0000          NULL 
184.0000    1    4.000   1.0000          x1c1
188.0000    0   10.000   1.0000          NULL 
198.0000    4    4.000   1.0000          x2c2
202.0000    0    2.000   1.0000          NULL 
204.0000    3    4.000   1.0000          x1c2
208.0000    0   10.000   1.0000          NULL 
218.0000    4    4.000   1.0000          x2c2
222.0000    0   18.000   1.0000          NULL 
