  0.0000    2    4.000   1.0000          x2c1
  4.0000    0    8.000   1.0000          NULL 
 12.0000    4    4.000   1.0000          x2c2
 16.0000    0   14.000   1.0000          NULL 
 30.0000    4    4.000   1.0000          x2c2
 34.0000    0    2.000   1.0000          NULL 
 36.0000    3    4.000   1.0000          x1c2
 40.0000    0    8.000   1.0000          NULL 
 48.0000    3    4.000   1.0000          x1c2
 52.0000    0    8.000   1.0000          NULL 
 60.0000    1    4.000   1.0000          x1c1
 64.0000    0    8.000   1.0000          NULL 
 72.0000    2    4.000   1.0000          x2c1
 76.0000    0   12.000   1.0000          NULL 
 88.0000    2    4.000   1.0000          x2c1
 92.0000    0    6.000   1.0000          NULL 
 98.0000    3    4.000   1.0000          x1c2
102.0000    0    2.000   1.0000          NULL 
104.0000    1    4.000   1.0000          x1c1
108.0000    0    8.000   1.0000          NULL 
116.0000    1    4.000   1.0000          x1c1
120.0000    0    6.000   1.0000          NULL 
126.0000    3    4.000   1.0000          x1c2
130.0000    0   12.000   1.0000          NULL 
142.0000    1    4.000   1.0000          x1c1
146.0000    0    8.000   1.0000          NULL 
154.0000    4    4.000   1.0000          x2c2
158.0000    0   10.000   1.0000          NULL 
168.0000    4    4.000   1.0000          x2c2
172.0000    0   10.000   1.0000          NULL 
182.0000    3    4.000   1.0000          x1c2
186.0000    0    8.000   1.0000          NULL 
194.0000    1    4.000   1.0000          x1c1
198.0000    0    6.000   1.0000          NULL 
204.0000    4    4.000   1.0000          x2c2
208.0000    0    2.000   1.0000          NULL 
210.0000    2    4.000   1.0000          x2c1
214.0000    0    2.000   1.0000          NULL 
216.0000    2    4.000   1.0000          x2c1
220.0000    0   20.000   1.0000          NULL 
