  0.0000    4    4.000   1.0000          x2c2
  4.0000    0    4.000   1.0000          NULL 
  8.0000    3    4.000   1.0000          x1c2
 12.0000    0   10.000   1.0000          NULL 
 22.0000    4    4.000   1.0000          x2c2
 26.0000    0   12.000   1.0000          NULL 
 38.0000    2    4.000   1.0000          x2c1
 42.0000    0   12.000   1.0000          NULL 
 54.0000    2    4.000   1.0000          x2c1
 58.0000    0    6.000   1.0000          NULL 
 64.0000    3    4.000   1.0000          x1c2
 68.0000    0   10.000   1.0000          NULL 
 78.0000    1    4.000   1.0000          x1c1
 82.0000    0   10.000   1.0000          NULL 
 92.0000    3    4.000   1.0000          x1c2
 96.0000    0    2.000   1.0000          NULL 
 98.0000    1    4.000   1.0000          x1c1
102.0000    0   10.000   1.0000          NULL 
112.0000    1    4.000   1.0000          x1c1
116.0000    0    6.000   1.0000          NULL 
122.0000    4    4.000   1.0000          x2c2
126.0000    0    8.000   1.0000          NULL 
134.0000    2    4.000   1.0000          x2c1
138.0000    0    6.000   1.0000          NULL 
144.0000    2    4.000   1.0000          x2c1
148.0000    0    8.000   1.0000          NULL 
156.0000    4    4.000   1.0000          x2c2
160.0000    0    8.000   1.0000          NULL 
168.0000    2    4.000   1.0000          x2c1
172.0000    0    8.000   1.0000          NULL 
180.0000    4    4.000   1.0000          x2c2
184.0000    0    4.000   1.0000          NULL 
188.0000    3    4.000   1.0000          x1c2
192.0000    0    8.000   1.0000          NULL 
200.0000    3    4.000   1.0000          x1c2
204.0000    0    8.000   1.0000          NULL 
212.0000    1    4.000   1.0000          x1c1
216.0000    0    4.000   1.0000          NULL 
220.0000    1    4.000   1.0000          x1c1
224.0000    0   16.000   1.0000          NULL 
