  0.0000    2    4.000   1.0000          x2c1
  4.0000    0    8.000   1.0000          NULL 
 12.0000    3    4.000   1.0000          x1c2
 16.0000    0    4.000   1.0000          NULL 
 20.0000    3    4.000   1.0000          x1c2
 24.0000    0   10.000   1.0000          NULL 
 34.0000    4    4.000   1.0000          x2c2
 38.0000    0    2.000   1.0000          NULL 
 40.0000    1    4.000   1.0000          x1c1
 44.0000    0    4.000   1.0000          NULL 
 48.0000    3    4.000   1.0000          x1c2
 52.0000    0   10.000   1.0000          NULL 
 62.0000    1    4.000   1.0000          x1c1
 66.0000    0    2.000   1.0000          NULL 
 68.0000    3    4.000   1.0000          x1c2
 72.0000    0    2.000   1.0000          NULL 
 74.0000    4    4.000   1.0000          x2c2
 78.0000    0    8.000   1.0000          NULL 
 86.0000    4    4.000   1.0000          x2c2
 90.0000    0    4.000   1.0000          NULL 
 94.0000    4    4.000   1.0000          x2c2
 98.0000    0   10.000   1.0000          NULL 
108.0000    2    4.000   1.0000          x2c1
112.0000    0   10.000   1.0000          NULL 
122.0000    2    4.000   1.0000          x2c1
126.0000    0    8.000   1.0000          NULL 
134.0000    2    4.000   1.0000          x2c1
138.0000    0   12.000   1.0000          NULL 
150.0000    3    4.000   1.0000          x1c2
154.0000    0    8.000   1.0000          NULL 
162.0000    1    4.000   1.0000          x1c1
166.0000    0   12.000   1.0000          NULL 
178.0000    1    4.000   1.0000          x1c1
182.0000    0   14.000   1.0000          NULL 
196.0000    4    4.000   1.0000          x2c2
200.0000    0    4.000   1.0000          NULL 
204.0000    1    4.000   1.0000          x1c1
208.0000    0   14.000   1.0000          NULL 
222.0000    2    4.000   1.0000          x2c1
226.0000    0   14.000   1.0000          NULL 
