  0.0000    3    4.000   1.0000          x1c2
  4.0000    0    6.000   1.0000          NULL 
 10.0000    1    4.000   1.0000          x1c1
 14.0000    0    8.000   1.0000          NULL 
 22.0000    3    4.000   1.0000          x1c2
 26.0000    0   14.000   1.0000          NULL 
 40.0000    3    4.000   1.0000          x1c2
 44.0000    0    8.000   1.0000          NULL 
 52.0000    1    4.000   1.0000          x1c1
 56.0000    0   14.000   1.0000          NULL 
 70.0000    2    4.000   1.0000          x2c1
 74.0000    0   10.000   1.0000          NULL 
 84.0000    4    4.000   1.0000          x2c2
 88.0000    0    6.000   1.0000          NULL 
 94.0000    4    4.000   1.0000          x2c2
 98.0000    0    2.000   1.0000          NULL 
100.0000    3    4.000   1.0000          x1c2
104.0000    0   14.000   1.0000          NULL 
118.0000    2    4.000   1.0000          x2c1
122.0000    0   12.000   1.0000          NULL 
134.0000    4    4.000   1.0000          x2c2
138.0000    0    2.000   1.0000          NULL 
140.0000    2    4.000   1.0000          x2c1
144.0000    0    8.000   1.0000          NULL 
152.0000    4    4.000   1.0000          x2c2
156.0000    0    6.000   1.0000          NULL 
162.0000    1    4.000   1.0000          x1c1
166.0000    0    8.000   1.0000          NULL 
174.0000    2    4.000   1.0000          x2c1
178.0000    0    6.000   1.0000          NULL 
184.0000    2    4.000   1.0000          x2c1
188.0000    0   10.000   1.0000          NULL 
198.0000    1    4.000   1.0000          x1c1
202.0000    0    4.000   1.0000          NULL 
206.0000    1    4.000   1.0000          x1c1
210.0000    0    8.000   1.0000          NULL 
218.0000    4    4.000   1.0000          x2c2
222.0000    0    4.000   1.0000          NULL 
226.0000    3    4.000   1.0000          x1c2
230.0000    0   10.000   1.0000          NULL 
