  0.0000    1    4.000   1.0000          x1c1
  4.0000    0    8.000   1.0000          NULL 
 12.0000    2    4.000   1.0000          x2c1
 16.0000    0    6.000   1.0000          NULL 
 22.0000    3    4.000   1.0000          x1c2
 26.0000    0   10.000   1.0000          NULL 
 36.0000    3    4.000   1.0000          x1c2
 40.0000    0   12.000   1.0000          NULL 
 52.0000    3    4.000   1.0000          x1c2
 56.0000    0    8.000   1.0000          NULL 
 64.0000    4    4.000   1.0000          x2c2
 68.0000    0    8.000   1.0000          NULL 
 76.0000    4    4.000   1.0000          x2c2
 80.0000    0    6.000   1.0000          NULL 
 86.0000    2    4.000   1.0000          x2c1
 90.0000    0    8.000   1.0000          NULL 
 98.0000    4    4.000   1.0000          x2c2
102.0000    0   12.000   1.0000          NULL 
114.0000    1    4.000   1.0000          x1c1
118.0000    0    2.000   1.0000          NULL 
120.0000    2    4.000   1.0000          x2c1
124.0000    0   10.000   1.0000          NULL 
134.0000    3    4.000   1.0000          x1c2
138.0000    0    6.000   1.0000          NULL 
144.0000    1    4.000   1.0000          x1c1
148.0000    0    2.000   1.0000          NULL 
150.0000    4    4.000   1.0000          x2c2
154.0000    0   10.000   1.0000          NULL 
164.0000    2    4.000   1.0000          x2c1
168.0000    0    8.000   1.0000          NULL 
176.0000    1    4.000   1.0000          x1c1
180.0000    0    6.000   1.0000          NULL 
186.0000    4    4.000   1.0000          x2c2
190.0000    0   10.000   1.0000          NULL 
200.0000    2    4.000   1.0000          x2c1
204.0000    0    6.000   1.0000          NULL 
210.0000    3    4.000   1.0000          x1c2
214.0000    0   12.000   1.0000          NULL 
226.0000    1    4.000   1.0000          x1c1
230.0000    0   10.000   1.0000          NULL 
