  0.0000    1    4.000   1.0000          x1c1
  4.0000    0   12.000   1.0000          NULL 
 16.0000    1    4.000   1.0000          x1c1
 20.0000    0    8.000   1.0000          NULL 
 28.0000    2    4.000   1.0000          x2c1
 32.0000    0   10.000   1.0000          NULL 
 42.0000    4    4.000   1.0000          x2c2
 46.0000    0    6.000   1.0000          NULL 
 52.0000    3    4.000   1.0000          x1c2
 56.0000    0    8.000   1.0000          NULL 
 64.0000    2    4.000   1.0000          x2c1
 68.0000    0   12.000   1.0000          NULL 
 80.0000    3    4.000   1.0000          x1c2
 84.0000    0   10.000   1.0000          NULL 
 94.0000    1    4.000   1.0000          x1c1
 98.0000    0    4.000   1.0000          NULL 
102.0000    3    4.000   1.0000          x1c2
106.0000    0   12.000   1.0000          NULL 
118.0000    2    4.000   1.0000          x2c1
122.0000    0   12.000   1.0000          NULL 
134.0000    3    4.000   1.0000          x1c2
138.0000    0    8.000   1.0000          NULL 
146.0000    2    4.000   1.0000          x2c1
150.0000    0    2.000   1.0000          NULL 
152.0000    4    4.000   1.0000          x2c2
156.0000    0   14.000   1.0000          NULL 
170.0000    4    4.000   1.0000          x2c2
174.0000    0    2.000   1.0000          NULL 
176.0000    2    4.000   1.0000          x2c1
180.0000    0   10.000   1.0000          NULL 
190.0000    3    4.000   1.0000          x1c2
194.0000    0    2.000   1.0000          NULL 
196.0000    4    4.000   1.0000          x2c2
200.0000    0    6.000   1.0000          NULL 
206.0000    4    4.000   1.0000          x2c2
210.0000    0    2.000   1.0000          NULL 
212.0000    1    4.000   1.0000          x1c1
216.0000    0    8.000   1.0000          NULL 
224.0000    1    4.000   1.0000          x1c1
228.0000    0   12.000   1.0000          NULL 
