  0.0000    1    4.000   1.0000          x1c1
  4.0000    0   12.000   1.0000          NULL 
 16.0000    1    4.000   1.0000          x1c1
 20.0000    0   10.000   1.0000          NULL 
 30.0000    2    4.000   1.0000          x2c1
 34.0000    0    6.000   1.0000          NULL 
 40.0000    2    4.000   1.0000          x2c1
 44.0000    0    8.000   1.0000          NULL 
 52.0000    3    4.000   1.0000          x1c2
 56.0000    0    8.000   1.0000          NULL 
 64.0000    2    4.000   1.0000          x2c1
 68.0000    0   14.000   1.0000          NULL 
 82.0000    4    4.000   1.0000          x2c2
 86.0000    0    8.000   1.0000          NULL 
 94.0000    3    4.000   1.0000          x1c2
 98.0000    0    2.000   1.0000          NULL 
100.0000    4    4.000   1.0000          x2c2
104.0000    0    8.000   1.0000          NULL 
112.0000    1    4.000   1.0000          x1c1
116.0000    0    6.000   1.0000          NULL 
122.0000    3    4.000   1.0000          x1c2
126.0000    0   12.000   1.0000          NULL 
138.0000    4    4.000   1.0000          x2c2
142.0000    0   12.000   1.0000          NULL 
154.0000    4    4.000   1.0000          x2c2
158.0000    0    2.000   1.0000          NULL 
160.0000    2    4.000   1.0000          x2c1
164.0000    0    2.000   1.0000          NULL 
166.0000    4    4.000   1.0000          x2c2
170.0000    0   12.000   1.0000          NULL 
182.0000    1    4.000   1.0000          x1c1
186.0000    0    2.000   1.0000          NULL 
188.0000    2    4.000   1.0000          x2c1
192.0000    0    4.000   1.0000          NULL 
196.0000    1    4.000   1.0000          x1c1
200.0000    0   10.000   1.0000          NULL 
210.0000    3    4.000   1.0000          x1c2
214.0000    0   12.000   1.0000          NULL 
226.0000    3    4.000   1.0000          x1c2
230.0000    0   10.000   1.0000          NULL 
