  0.0000    2    4.000   1.0000          x2c1
  4.0000    0    8.000   1.0000          NULL 
 12.0000    3    4.000   1.0000          x1c2
 16.0000    0   14.000   1.0000          NULL 
 30.0000    4    4.000   1.0000          x2c2
 34.0000    0   10.000   1.0000          NULL 
 44.0000    2    4.000   1.0000          x2c1
 48.0000    0    4.000   1.0000          NULL 
 52.0000    1    4.000   1.0000          x1c1
 56.0000    0    6.000   1.0000          NULL 
 62.0000    4    4.000   1.0000          x2c2
 66.0000    0    4.000   1.0000          NULL 
 70.0000    1    4.000   1.0000          x1c1
 74.0000    0   10.000   1.0000          NULL 
 84.0000    3    4.000   1.0000          x1c2
 88.0000    0    4.000   1.0000          NULL 
 92.0000    4    4.000   1.0000          x2c2
 96.0000    0    4.000   1.0000          NULL 
100.0000    4    4.000   1.0000          x2c2
104.0000    0    4.000   1.0000          NULL 
108.0000    2    4.000   1.0000          x2c1
112.0000    0    2.000   1.0000          NULL 
114.0000    4    4.000   1.0000          x2c2
118.0000    0    6.000   1.0000          NULL 
124.0000    2    4.000   1.0000          x2c1
128.0000    0   10.000   1.0000          NULL 
138.0000    3    4.000   1.0000          x1c2
142.0000    0    8.000   1.0000          NULL 
150.0000    3    4.000   1.0000          x1c2
154.0000    0    8.000   1.0000          NULL 
162.0000    1    4.000   1.0000          x1c1
166.0000    0    8.000   1.0000          NULL 
174.0000    2    4.000   1.0000          x2c1
178.0000    0    8.000   1.0000          NULL 
186.0000    3    4.000   1.0000          x1c2
190.0000    0   10.000   1.0000          NULL 
200.0000    1    4.000   1.0000          x1c1
204.0000    0   10.000   1.0000          NULL 
214.0000    1    4.000   1.0000          x1c1
218.0000    0   22.000   1.0000          NULL 
