  0.0000    4    4.000   1.0000          x2c2
  4.0000    0    8.000   1.0000          NULL 
 12.0000    3    4.000   1.0000          x1c2
 16.0000    0    8.000   1.0000          NULL 
 24.0000    3    4.000   1.0000          x1c2
 28.0000    0    6.000   1.0000          NULL 
 34.0000    3    4.000   1.0000          x1c2
 38.0000    0   10.000   1.0000          NULL 
 48.0000    2    4.000   1.0000          x2c1
 52.0000    0    4.000   1.0000          NULL 
 56.0000    2    4.000   1.0000          x2c1
 60.0000    0    8.000   1.0000          NULL 
 68.0000    1    4.000   1.0000          x1c1
 72.0000    0    4.000   1.0000          NULL 
 76.0000    2    4.000   1.0000          x2c1
 80.0000    0    2.000   1.0000          NULL 
 82.0000    4    4.000   1.0000          x2c2
 86.0000    0   10.000   1.0000          NULL 
 96.0000    2    4.000   1.0000          x2c1
100.0000    0    4.000   1.0000          NULL 
104.0000    1    4.000   1.0000          x1c1
108.0000    0    8.000   1.0000          NULL 
116.0000    4    4.000   1.0000          x2c2
120.0000    0    2.000   1.0000          NULL 
122.0000    1    4.000   1.0000          x1c1
126.0000    0   12.000   1.0000          NULL 
138.0000    3    4.000   1.0000          x1c2
142.0000    0   14.000   1.0000          NULL 
156.0000    3    4.000   1.0000          x1c2
160.0000    0    8.000   1.0000          NULL 
168.0000    4    4.000   1.0000          x2c2
172.0000    0    6.000   1.0000          NULL 
178.0000    2    4.000   1.0000          x2c1
182.0000    0    8.000   1.0000          NULL 
190.0000    4    4.000   1.0000          x2c2
194.0000    0   10.000   1.0000          NULL 
204.0000    1    4.000   1.0000          x1c1
208.0000    0   12.000   1.0000          NULL 
220.0000    1    4.000   1.0000          x1c1
224.0000    0   16.000   1.0000          NULL 
