  0.0000    1    4.000   1.0000          x1c1
  4.0000    0    2.000   1.0000          NULL 
  6.0000    1    4.000   1.0000          x1c1
 10.0000    0    8.000   1.0000          NULL 
 18.0000    4    4.000   1.0000          x2c2
 22.0000    0    2.000   1.0000          NULL 
 24.0000    4    4.000   1.0000          x2c2
 28.0000    0    2.000   1.0000          NULL 
 30.0000    3    4.000   1.0000          x1c2
 34.0000    0   12.000   1.0000          NULL 
 46.0000    2    4.000   1.0000          x2c1
 50.0000    0    6.000   1.0000          NULL 
 56.0000    2    4.000   1.0000          x2c1
 60.0000    0    4.000   1.0000          NULL 
 64.0000    2    4.000   1.0000          x2c1
 68.0000    0    8.000   1.0000          NULL 
 76.0000    1    4.000   1.0000          x1c1
 80.0000    0    8.000   1.0000          NULL 
 88.0000    1    4.000   1.0000          x1c1
 92.0000    0   10.000   1.0000          NULL 
102.0000    4    4.000   1.0000          x2c2
106.0000    0   10.000   1.0000          NULL 
116.0000    1    4.000   1.0000          x1c1
120.0000    0    8.000   1.0000          NULL 
128.0000    3    4.000   1.0000          x1c2
132.0000    0   10.000   1.0000          NULL 
142.0000    4    4.000   1.0000          x2c2
146.0000    0   14.000   1.0000          NULL 
160.0000    3    4.000   1.0000          x1c2
164.0000    0    2.000   1.0000          NULL 
166.0000    2    4.000   1.0000          x2c1
170.0000    0   10.000   1.0000          NULL 
180.0000    4    4.000   1.0000          x2c2
184.0000    0    4.000   1.0000          NULL 
188.0000    2    4.000   1.0000          x2c1
192.0000    0   10.000   1.0000          NULL 
202.0000    3    4.000   1.0000          x1c2
206.0000    0   10.000   1.0000          NULL 
216.0000    3    4.000   1.0000          x1c2
220.0000    0   20.000   1.0000          NULL 
