  0.0000    2    4.000   1.0000          x2c1
  4.0000    0    6.000   1.0000          NULL 
 10.0000    3    4.000   1.0000          x1c2
 14.0000    0    8.000   1.0000          NULL 
 22.0000    4    4.000   1.0000          x2c2
 26.0000    0    6.000   1.0000          NULL 
 32.0000    3    4.000   1.0000          x1c2
 36.0000    0    8.000   1.0000          NULL 
 44.0000    2    4.000   1.0000          x2c1
 48.0000    0   12.000   1.0000          NULL 
 60.0000    3    4.000   1.0000          x1c2
 64.0000    0   10.000   1.0000          NULL 
 74.0000    1    4.000   1.0000          x1c1
 78.0000    0   10.000   1.0000          NULL 
 88.0000    2    4.000   1.0000          x2c1
 92.0000    0   12.000   1.0000          NULL 
104.0000    1    4.000   1.0000          x1c1
108.0000    0    4.000   1.0000          NULL 
112.0000    4    4.000   1.0000          x2c2
116.0000    0    4.000   1.0000          NULL 
120.0000    2    4.000   1.0000          x2c1
124.0000    0    6.000   1.0000          NULL 
130.0000    4    4.000   1.0000          x2c2
134.0000    0    6.000   1.0000          NULL 
140.0000    2    4.000   1.0000          x2c1
144.0000    0    6.000   1.0000          NULL 
150.0000    3    4.000   1.0000          x1c2
154.0000    0    4.000   1.0000          NULL 
158.0000    1    4.000   1.0000          x1c1
162.0000    0    8.000   1.0000          NULL 
170.0000    1    4.000   1.0000          x1c1
174.0000    0    6.000   1.0000          NULL 
180.0000    4    4.000   1.0000          x2c2
184.0000    0   12.000   1.0000          NULL 
196.0000    4    4.000   1.0000          x2c2
200.0000    0   12.000   1.0000          NULL 
212.0000    1    4.000   1.0000          x1c1
216.0000    0   10.000   1.0000          NULL 
226.0000    3    4.000   1.0000          x1c2
230.0000    0   10.000   1.0000          NULL 
