  0.0000    2    4.000   1.0000          x2c1
  4.0000    0    4.000   1.0000          NULL 
  8.0000    1    4.000   1.0000          x1c1
 12.0000    0   10.000   1.0000          NULL 
 22.0000    1    4.000   1.0000          x1c1
 26.0000    0    6.000   1.0000          NULL 
 32.0000    1    4.000   1.0000          x1c1
 36.0000    0    2.000   1.0000          NULL 
 38.0000    4    4.000   1.0000          x2c2
 42.0000    0    6.000   1.0000          NULL 
 48.0000    4    4.000   1.0000          x2c2
 52.0000    0   12.000   1.0000          NULL 
 64.0000    3    4.000   1.0000          x1c2
 68.0000    0    8.000   1.0000          NULL 
 76.0000    3    4.000   1.0000          x1c2
 80.0000    0   14.000   1.0000          NULL 
 94.0000    3    4.000   1.0000          x1c2
 98.0000    0    8.000   1.0000          NULL 
106.0000    2    4.000   1.0000          x2c1
110.0000    0    8.000   1.0000          NULL 
118.0000    3    4.000   1.0000          x1c2
122.0000    0    6.000   1.0000          NULL 
128.0000    3    4.000   1.0000          x1c2
132.0000    0    8.000   1.0000          NULL 
140.0000    1    4.000   1.0000          x1c1
144.0000    0    4.000   1.0000          NULL 
148.0000    2    4.000   1.0000          x2c1
152.0000    0   10.000   1.0000          NULL 
162.0000    2    4.000   1.0000          x2c1
166.0000    0   12.000   1.0000          NULL 
178.0000    4    4.000   1.0000          x2c2
182.0000    0    8.000   1.0000          NULL 
190.0000    1    4.000   1.0000          x1c1
194.0000    0    6.000   1.0000          NULL 
200.0000    4    4.000   1.0000          x2c2
204.0000    0    6.000   1.0000          NULL 
210.0000    4    4.000   1.0000          x2c2
214.0000    0    6.000   1.0000          NULL 
220.0000    2    4.000   1.0000          x2c1
224.0000    0   16.000   1.0000          NULL 
