  0.0000    3    4.000   1.0000          x1c2
  4.0000    0    2.000   1.0000          NULL 
  6.0000    2    4.000   1.0000          x2c1
 10.0000    0    8.000   1.0000          NULL 
 18.0000    1    4.000   1.0000          x1c1
 22.0000    0    2.000   1.0000          NULL 
 24.0000    2    4.000   1.0000          x2c1
 28.0000    0   12.000   1.0000          NULL 
 40.0000    4    4.000   1.0000          x2c2
 44.0000    0   10.000   1.0000          NULL 
 54.0000    4    4.000   1.0000          x2c2
 58.0000    0    6.000   1.0000          NULL 
 64.0000    4    4.000   1.0000          x2c2
 68.0000    0   14.000   1.0000          NULL 
 82.0000    1    4.000   1.0000          x1c1
 86.0000    0    8.000   1.0000          NULL 
 94.0000    1    4.000   1.0000          x1c1
 98.0000    0   10.000   1.0000          NULL 
108.0000    2    4.000   1.0000          x2c1
112.0000    0   10.000   1.0000          NULL 
122.0000    4    4.000   1.0000          x2c2
126.0000    0    8.000   1.0000          NULL 
134.0000    2    4.000   1.0000          x2c1
138.0000    0    6.000   1.0000          NULL 
144.0000    3    4.000   1.0000          x1c2
148.0000    0    4.000   1.0000          NULL 
152.0000    3    4.000   1.0000          x1c2
156.0000    0   12.000   1.0000          NULL 
168.0000    3    4.000   1.0000          x1c2
172.0000    0    8.000   1.0000          NULL 
180.0000    2    4.000   1.0000          x2c1
184.0000    0    4.000   1.0000          NULL 
188.0000    1    4.000   1.0000          x1c1
192.0000    0    6.000   1.0000          NULL 
198.0000    1    4.000   1.0000          x1c1
202.0000    0    4.000   1.0000          NULL 
206.0000    3    4.000   1.0000          x1c2
210.0000    0   10.000   1.0000          NULL 
220.0000    4    4.000   1.0000          x2c2
224.0000    0   16.000   1.0000          NULL 
