  0.0000    2    4.000   1.0000          x2c1
  4.0000    0    2.000   1.0000          NULL 
  6.0000    3    4.000   1.0000          x1c2
 10.0000    0    2.000   1.0000          NULL 
 12.0000    2    4.000   1.0000          x2c1
 16.0000    0    6.000   1.0000          NULL 
 22.0000    2    4.000   1.0000          x2c1
 26.0000    0    8.000   1.0000          NULL 
 34.0000    1    4.000   1.0000          x1c1
 38.0000    0    4.000   1.0000          NULL 
 42.0000    1    4.000   1.0000          x1c1
 46.0000    0    4.000   1.0000          NULL 
 50.0000    4    4.000   1.0000          x2c2
 54.0000    0    4.000   1.0000          NULL 
 58.0000    1    4.000   1.0000          x1c1
 62.0000    0   10.000   1.0000          NULL 
 72.0000    4    4.000   1.0000          x2c2
 76.0000    0    2.000   1.0000          NULL 
 78.0000    4    4.000   1.0000          x2c2
 82.0000    0    8.000   1.0000          NULL 
 90.0000    2    4.000   1.0000          x2c1
 94.0000    0    8.000   1.0000          NULL 
102.0000    1    4.000   1.0000          x1c1
106.0000    0   10.000   1.0000          NULL 
116.0000    4    4.000   1.0000          x2c2
120.0000    0   10.000   1.0000          NULL 
130.0000    3    4.000   1.0000          x1c2
134.0000    0   10.000   1.0000          NULL 
144.0000    3    4.000   1.0000          x1c2
148.0000    0   14.000   1.0000          NULL 
162.0000    2    4.000   1.0000          x2c1
166.0000    0    8.000   1.0000          NULL 
174.0000    4    4.000   1.0000          x2c2
178.0000    0    8.000   1.0000          NULL 
186.0000    3    4.000   1.0000          x1c2
190.0000    0    6.000   1.0000          NULL 
196.0000    3    4.000   1.0000          x1c2
200.0000    0   12.000   1.0000          NULL 
212.0000    1    4.000   1.0000          x1c1
216.0000    0   24.000   1.0000          NULL 
