  0.0000    1    4.000   1.0000          x1c1
  4.0000    0    4.000   1.0000          NULL 
  8.0000    4    4.000   1.0000          x2c2
 12.0000    0    2.000   1.0000          NULL 
 14.0000    2    4.000   1.0000          x2c1
 18.0000    0   12.000   1.0000          NULL 
 30.0000    2    4.000   1.0000          x2c1
 34.0000    0   10.000   1.0000          NULL 
 44.0000    3    4.000   1.0000          x1c2
 48.0000    0   12.000   1.0000          NULL 
 60.0000    3    4.000   1.0000          x1c2
 64.0000    0    2.000   1.0000          NULL 
 66.0000    2    4.000   1.0000          x2c1
 70.0000    0   10.000   1.0000          NULL 
 80.0000    4    4.000   1.0000          x2c2
 84.0000    0   10.000   1.0000          NULL 
 94.0000    2    4.000   1.0000          x2c1
 98.0000    0    8.000   1.0000          NULL 
106.0000    3    4.000   1.0000          x1c2
110.0000    0    4.000   1.0000          NULL 
114.0000    4    4.000   1.0000          x2c2
118.0000    0    2.000   1.0000          NULL 
120.0000    3    4.000   1.0000          x1c2
124.0000    0   14.000   1.0000          NULL 
138.0000    1    4.000   1.0000          x1c1
142.0000    0    6.000   1.0000          NULL 
148.0000    4    4.000   1.0000          x2c2
152.0000    0    6.000   1.0000          NULL 
158.0000    4    4.000   1.0000          x2c2
162.0000    0    8.000   1.0000          NULL 
170.0000    2    4.000   1.0000          x2c1
174.0000    0    8.000   1.0000          NULL 
182.0000    1    4.000   1.0000          x1c1
186.0000    0    8.000   1.0000          NULL 
194.0000    1    4.000   1.0000          x1c1
198.0000    0    8.000   1.0000          NULL 
206.0000    1    4.000   1.0000          x1c1
210.0000    0    6.000   1.0000          NULL 
216.0000    3    4.000   1.0000          x1c2
220.0000    0   20.000   1.0000          NULL 
