  0.0000    4    4.000   1.0000          x2c2
  4.0000    0    2.000   1.0000          NULL 
  6.0000    3    4.000   1.0000          x1c2
 10.0000    0   12.000   1.0000          NULL 
 22.0000    1    4.000   1.0000          x1c1
 26.0000    0    6.000   1.0000          NULL 
 32.0000    4    4.000   1.0000          x2c2
 36.0000    0    6.000   1.0000          NULL 
 42.0000    1    4.000   1.0000          x1c1
 46.0000    0    4.000   1.0000          NULL 
 50.0000    3    4.000   1.0000          x1c2
 54.0000    0    2.000   1.0000          NULL 
 56.0000    1    4.000   1.0000          x1c1
 60.0000    0    4.000   1.0000          NULL 
 64.0000    4    4.000   1.0000          x2c2
 68.0000    0   12.000   1.0000          NULL 
 80.0000    1    4.000   1.0000          x1c1
 84.0000    0    8.000   1.0000          NULL 
 92.0000    2    4.000   1.0000          x2c1
 96.0000    0    8.000   1.0000          NULL 
104.0000    4    4.000   1.0000          x2c2
108.0000    0    8.000   1.0000          NULL 
116.0000    3    4.000   1.0000          x1c2
120.0000    0   14.000   1.0000          NULL 
134.0000    3    4.000   1.0000          x1c2
138.0000    0   12.000   1.0000          NULL 
150.0000    2    4.000   1.0000          x2c1
154.0000    0   12.000   1.0000          NULL 
166.0000    2    4.000   1.0000          x2c1
170.0000    0    2.000   1.0000          NULL 
172.0000    4    4.000   1.0000          x2c2
176.0000    0    8.000   1.0000          NULL 
184.0000    2    4.000   1.0000          x2c1
188.0000    0   14.000   1.0000          NULL 
202.0000    3    4.000   1.0000          x1c2
206.0000    0    8.000   1.0000          NULL 
214.0000    1    4.000   1.0000          x1c1
218.0000    0    8.000   1.0000          NULL 
226.0000    2    4.000   1.0000          x2c1
230.0000    0   10.000   1.0000          NULL 
