  0.0000    3    4.000   1.0000          x1c2
  4.0000    0   10.000   1.0000          NULL 
 14.0000    1    4.000   1.0000          x1c1
 18.0000    0   12.000   1.0000          NULL 
 30.0000    2    4.000   1.0000          x2c1
 34.0000    0   10.000   1.0000          NULL 
 44.0000    2    4.000   1.0000          x2c1
 48.0000    0    4.000   1.0000          NULL 
 52.0000    4    4.000   1.0000          x2c2
 56.0000    0   14.000   1.0000          NULL 
 70.0000    2    4.000   1.0000          x2c1
 74.0000    0    6.000   1.0000          NULL 
 80.0000    1    4.000   1.0000          x1c1
 84.0000    0    6.000   1.0000          NULL 
 90.0000    3    4.000   1.0000          x1c2
 94.0000    0   12.000   1.0000          NULL 
106.0000    3    4.000   1.0000          x1c2
110.0000    0    8.000   1.0000          NULL 
118.0000    1    4.000   1.0000          x1c1
122.0000    0    2.000   1.0000          NULL 
124.0000    4    4.000   1.0000          x2c2
128.0000    0    8.000   1.0000          NULL 
136.0000    3    4.000   1.0000          x1c2
140.0000    0    6.000   1.0000          NULL 
146.0000    3    4.000   1.0000          x1c2
150.0000    0   12.000   1.0000          NULL 
162.0000    4    4.000   1.0000          x2c2
166.0000    0    2.000   1.0000          NULL 
168.0000    2    4.000   1.0000          x2c1
172.0000    0   10.000   1.0000          NULL 
182.0000    4    4.000   1.0000          x2c2
186.0000    0    4.000   1.0000          NULL 
190.0000    1    4.000   1.0000          x1c1
194.0000    0    2.000   1.0000          NULL 
196.0000    1    4.000   1.0000          x1c1
200.0000    0   10.000   1.0000          NULL 
210.0000    4    4.000   1.0000          x2c2
214.0000    0   12.000   1.0000          NULL 
226.0000    2    4.000   1.0000          x2c1
230.0000    0   10.000   1.0000          NULL 
