  0.0000    3    4.000   1.0000          x1c2
  4.0000    0    8.000   1.0000          NULL 
 12.0000    1    4.000   1.0000          x1c1
 16.0000    0    8.000   1.0000          NULL 
 24.0000    2    4.000   1.0000          x2c1
 28.0000    0   12.000   1.0000          NULL 
 40.0000    3    4.000   1.0000          x1c2
 44.0000    0    2.000   1.0000          NULL 
 46.0000    3    4.000   1.0000          x1c2
 50.0000    0   10.000   1.0000          NULL 
 60.0000    4    4.000   1.0000          x2c2
 64.0000    0    2.000   1.0000          NULL 
 66.0000    2    4.000   1.0000          x2c1
 70.0000    0    2.000   1.0000          NULL 
 72.0000    4    4.000   1.0000          x2c2
 76.0000    0   10.000   1.0000          NULL 
 86.0000    3    4.000   1.0000          x1c2
 90.0000    0    8.000   1.0000          NULL 
 98.0000    2    4.000   1.0000          x2c1
102.0000    0   14.000   1.0000          NULL 
116.0000    1    4.000   1.0000          x1c1
120.0000    0    2.000   1.0000          NULL 
122.0000    3    4.000   1.0000          x1c2
126.0000    0    6.000   1.0000          NULL 
132.0000    1    4.000   1.0000          x1c1
136.0000    0    6.000   1.0000          NULL 
142.0000    4    4.000   1.0000          x2c2
146.0000    0    6.000   1.0000          NULL 
152.0000    4    4.000   1.0000          x2c2
156.0000    0    6.000   1.0000          NULL 
162.0000    2    4.000   1.0000          x2c1
166.0000    0   12.000   1.0000          NULL 
178.0000    1    4.000   1.0000          x1c1
182.0000    0    8.000   1.0000          NULL 
190.0000    2    4.000   1.0000          x2c1
194.0000    0    6.000   1.0000          NULL 
200.0000    4    4.000   1.0000          x2c2
204.0000    0   14.000   1.0000          NULL 
218.0000    1    4.000   1.0000          x1c1
222.0000    0   18.000   1.0000          NULL 
