  0.0000    3    4.000   1.0000          x1c2
  4.0000    0    4.000   1.0000          NULL 
  8.0000    1    4.000   1.0000          x1c1
 12.0000    0   10.000   1.0000          NULL 
 22.0000    4    4.000   1.0000          x2c2
 26.0000    0   12.000   1.0000          NULL 
 38.0000    1    4.000   1.0000          x1c1
 42.0000    0   14.000   1.0000          NULL 
 56.0000    4    4.000   1.0000          x2c2
 60.0000    0    2.000   1.0000          NULL 
 62.0000    4    4.000   1.0000          x2c2
 66.0000    0    4.000   1.0000          NULL 
 70.0000    3    4.000   1.0000          x1c2
 74.0000    0    6.000   1.0000          NULL 
 80.0000    2    4.000   1.0000          x2c1
 84.0000    0    2.000   1.0000          NULL 
 86.0000    3    4.000   1.0000          x1c2
 90.0000    0   10.000   1.0000          NULL 
100.0000    3    4.000   1.0000          x1c2
104.0000    0    8.000   1.0000          NULL 
112.0000    1    4.000   1.0000          x1c1
116.0000    0    4.000   1.0000          NULL 
120.0000    2    4.000   1.0000          x2c1
124.0000    0   12.000   1.0000          NULL 
136.0000    2    4.000   1.0000          x2c1
140.0000    0    8.000   1.0000          NULL 
148.0000    3    4.000   1.0000          x1c2
152.0000    0   10.000   1.0000          NULL 
162.0000    4    4.000   1.0000          x2c2
166.0000    0    6.000   1.0000          NULL 
172.0000    2    4.000   1.0000          x2c1
176.0000    0   10.000   1.0000          NULL 
186.0000    1    4.000   1.0000          x1c1
190.0000    0    4.000   1.0000          NULL 
194.0000    4    4.000   1.0000          x2c2
198.0000    0   12.000   1.0000          NULL 
210.0000    2    4.000   1.0000          x2c1
214.0000    0    6.000   1.0000          NULL 
220.0000    1    4.000   1.0000          x1c1
224.0000    0   16.000   1.0000          NULL 
