  0.0000    4    4.000   1.0000          x2c2
  4.0000    0    6.000   1.0000          NULL 
 10.0000    1    4.000   1.0000          x1c1
 14.0000    0   10.000   1.0000          NULL 
 24.0000    4    4.000   1.0000          x2c2
 28.0000    0    6.000   1.0000          NULL 
 34.0000    2    4.000   1.0000          x2c1
 38.0000    0    8.000   1.0000          NULL 
 46.0000    1    4.000   1.0000          x1c1
 50.0000    0    6.000   1.0000          NULL 
 56.0000    4    4.000   1.0000          x2c2
 60.0000    0   12.000   1.0000          NULL 
 72.0000    2    4.000   1.0000          x2c1
 76.0000    0    6.000   1.0000          NULL 
 82.0000    3    4.000   1.0000          x1c2
 86.0000    0   12.000   1.0000          NULL 
 98.0000    3    4.000   1.0000          x1c2
102.0000    0   10.000   1.0000          NULL 
112.0000    2    4.000   1.0000          x2c1
116.0000    0   10.000   1.0000          NULL 
126.0000    1    4.000   1.0000          x1c1
130.0000    0   12.000   1.0000          NULL 
142.0000    3    4.000   1.0000          x1c2
146.0000    0    6.000   1.0000          NULL 
152.0000    1    4.000   1.0000          x1c1
156.0000    0    8.000   1.0000          NULL 
164.0000    2    4.000   1.0000          x2c1
168.0000    0    4.000   1.0000          NULL 
172.0000    1    4.000   1.0000          x1c1
176.0000    0    2.000   1.0000          NULL 
178.0000    3    4.000   1.0000          x1c2
182.0000    0    6.000   1.0000          NULL 
188.0000    4    4.000   1.0000          x2c2
192.0000    0    2.000   1.0000          NULL 
194.0000    2    4.000   1.0000          x2c1
198.0000    0    2.000   1.0000          NULL 
200.0000    4    4.000   1.0000          x2c2
204.0000    0   10.000   1.0000          NULL 
214.0000    3    4.000   1.0000          x1c2
218.0000    0   22.000   1.0000          NULL 
