  0.0000    1    4.000   1.0000          x1c1
  4.0000    0    4.000   1.0000          NULL 
  8.0000    3    4.000   1.0000          x1c2
 12.0000    0   12.000   1.0000          NULL 
 24.0000    2    4.000   1.0000          x2c1
 28.0000    0    2.000   1.0000          NULL 
 30.0000    2    4.000   1.0000          x2c1
 34.0000    0    8.000   1.0000          NULL 
 42.0000    3    4.000   1.0000          x1c2
 46.0000    0    6.000   1.0000          NULL 
 52.0000    3    4.000   1.0000          x1c2
 56.0000    0    4.000   1.0000          NULL 
 60.0000    3    4.000   1.0000          x1c2
 64.0000    0    8.000   1.0000          NULL 
 72.0000    1    4.000   1.0000          x1c1
 76.0000    0    8.000   1.0000          NULL 
 84.0000    4    4.000   1.0000          x2c2
 88.0000    0   14.000   1.0000          NULL 
102.0000    4    4.000   1.0000          x2c2
106.0000    0    4.000   1.0000          NULL 
110.0000    3    4.000   1.0000          x1c2
114.0000    0   12.000   1.0000          NULL 
126.0000    2    4.000   1.0000          x2c1
130.0000    0   10.000   1.0000          NULL 
140.0000    1    4.000   1.0000          x1c1
144.0000    0    4.000   1.0000          NULL 
148.0000    2    4.000   1.0000          x2c1
152.0000    0   10.000   1.0000          NULL 
162.0000    1    4.000   1.0000          x1c1
166.0000    0    6.000   1.0000          NULL 
172.0000    2    4.000   1.0000          x2c1
176.0000    0    2.000   1.0000          NULL 
178.0000    1    4.000   1.0000          x1c1
182.0000    0    8.000   1.0000          NULL 
190.0000    4    4.000   1.0000          x2c2
194.0000    0    8.000   1.0000          NULL 
202.0000    4    4.000   1.0000          x2c2
206.0000    0   14.000   1.0000          NULL 
220.0000    4    4.000   1.0000          x2c2
224.0000    0   16.000   1.0000          NULL 
