  0.0000    2    4.000   1.0000          x2c1
  4.0000    0    6.000   1.0000          NULL 
 10.0000    1    4.000   1.0000          x1c1
 14.0000    0   12.000   1.0000          NULL 
 26.0000    4    4.000   1.0000          x2c2
 30.0000    0   14.000   1.0000          NULL 
 44.0000    3    4.000   1.0000          x1c2
 48.0000    0    8.000   1.0000          NULL 
 56.0000    3    4.000   1.0000          x1c2
 60.0000    0    2.000   1.0000          NULL 
 62.0000    2    4.000   1.0000          x2c1
 66.0000    0   14.000   1.0000          NULL 
 80.0000    1    4.000   1.0000          x1c1
 84.0000    0    6.000   1.0000          NULL 
 90.0000    3    4.000   1.0000          x1c2
 94.0000    0   10.000   1.0000          NULL 
104.0000    1    4.000   1.0000          x1c1
108.0000    0    4.000   1.0000          NULL 
112.0000    2    4.000   1.0000          x2c1
116.0000    0    4.000   1.0000          NULL 
120.0000    1    4.000   1.0000          x1c1
124.0000    0    8.000   1.0000          NULL 
132.0000    1    4.000   1.0000          x1c1
136.0000    0    8.000   1.0000          NULL 
144.0000    4    4.000   1.0000          x2c2
148.0000    0    2.000   1.0000          NULL 
150.0000    4    4.000   1.0000          x2c2
154.0000    0    6.000   1.0000          NULL 
160.0000    3    4.000   1.0000          x1c2
164.0000    0   12.000   1.0000          NULL 
176.0000    3    4.000   1.0000          x1c2
180.0000    0   10.000   1.0000          NULL 
190.0000    4    4.000   1.0000          x2c2
194.0000    0    2.000   1.0000          NULL 
196.0000    2    4.000   1.0000          x2c1
200.0000    0   12.000   1.0000          NULL 
212.0000    2    4.000   1.0000          x2c1
216.0000    0    8.000   1.0000          NULL 
224.0000    4    4.000   1.0000          x2c2
228.0000    0   12.000   1.0000          NULL 
