  0.0000    1    4.000   1.0000          x1c1
  4.0000    0    6.000   1.0000          NULL 
 10.0000    3    4.000   1.0000          x1c2
 14.0000    0   14.000   1.0000          NULL 
 28.0000    3    4.000   1.0000          x1c2
 32.0000    0    2.000   1.0000          NULL 
 34.0000    2    4.000   1.0000          x2c1
 38.0000    0    2.000   1.0000          NULL 
 40.0000    4    4.000   1.0000          x2c2
 44.0000    0    8.000   1.0000          NULL 
 52.0000    2    4.000   1.0000          x2c1
 56.0000    0   12.000   1.0000          NULL 
 68.0000    3    4.000   1.0000          x1c2
 72.0000    0   10.000   1.0000          NULL 
 82.0000    2    4.000   1.0000          x2c1
 86.0000    0    6.000   1.0000          NULL 
 92.0000    3    4.000   1.0000          x1c2
 96.0000    0   10.000   1.0000          NULL 
106.0000    4    4.000   1.0000          x2c2
110.0000    0    8.000   1.0000          NULL 
118.0000    2    4.000   1.0000          x2c1
122.0000    0    4.000   1.0000          NULL 
126.0000    1    4.000   1.0000          x1c1
130.0000    0    6.000   1.0000          NULL 
136.0000    1    4.000   1.0000          x1c1
140.0000    0   10.000   1.0000          NULL 
150.0000    2    4.000   1.0000          x2c1
154.0000    0    4.000   1.0000          NULL 
158.0000    4    4.000   1.0000          x2c2
162.0000    0    8.000   1.0000          NULL 
170.0000    4    4.000   1.0000          x2c2
174.0000    0    6.000   1.0000          NULL 
180.0000    4    4.000   1.0000          x2c2
184.0000    0    6.000   1.0000          NULL 
190.0000    3    4.000   1.0000          x1c2
194.0000    0    8.000   1.0000          NULL 
202.0000    1    4.000   1.0000          x1c1
206.0000    0   12.000   1.0000          NULL 
218.0000    1    4.000   1.0000          x1c1
222.0000    0   18.000   1.0000          NULL 
