  0.0000    1    4.000   1.0000          x1c1
  4.0000    0   10.000   1.0000          NULL 
 14.0000    2    4.000   1.0000          x2c1
 18.0000    0   10.000   1.0000          NULL 
 28.0000    2    4.000   1.0000          x2c1
 32.0000    0    8.000   1.0000          NULL 
 40.0000    1    4.000   1.0000          x1c1
 44.0000    0    6.000   1.0000          NULL 
 50.0000    2    4.000   1.0000          x2c1
 54.0000    0    6.000   1.0000          NULL 
 60.0000    2    4.000   1.0000          x2c1
 64.0000    0   14.000   1.0000          NULL 
 78.0000    3    4.000   1.0000          x1c2
 82.0000    0   10.000   1.0000          NULL 
 92.0000    4    4.000   1.0000          x2c2
 96.0000    0   10.000   1.0000          NULL 
106.0000    4    4.000   1.0000          x2c2
110.0000    0    6.000   1.0000          NULL 
116.0000    3    4.000   1.0000          x1c2
120.0000    0    6.000   1.0000          NULL 
126.0000    1    4.000   1.0000          x1c1
130.0000    0   14.000   1.0000          NULL 
144.0000    4    4.000   1.0000          x2c2
148.0000    0    2.000   1.0000          NULL 
150.0000    1    4.000   1.0000          x1c1
154.0000    0    2.000   1.0000          NULL 
156.0000    3    4.000   1.0000          x1c2
160.0000    0    2.000   1.0000          NULL 
162.0000    3    4.000   1.0000          x1c2
166.0000    0    8.000   1.0000          NULL 
174.0000    2    4.000   1.0000          x2c1
178.0000    0    8.000   1.0000          NULL 
186.0000    1    4.000   1.0000          x1c1
190.0000    0   10.000   1.0000          NULL 
200.0000    4    4.000   1.0000          x2c2
204.0000    0    6.000   1.0000          NULL 
210.0000    3    4.000   1.0000          x1c2
214.0000    0    8.000   1.0000          NULL 
222.0000    4    4.000   1.0000          x2c2
226.0000    0   14.000   1.0000          NULL 
