  0.0000    1    4.000   1.0000          x1c1
  4.0000    0    2.000   1.0000          NULL 
  6.0000    4    4.000   1.0000          x2c2
 10.0000    0    8.000   1.0000          NULL 
 18.0000    2    4.000   1.0000          x2c1
 22.0000    0   10.000   1.0000          NULL 
 32.0000    1    4.000   1.0000          x1c1
 36.0000    0   12.000   1.0000          NULL 
 48.0000    3    4.000   1.0000          x1c2
 52.0000    0   14.000   1.0000          NULL 
 66.0000    3    4.000   1.0000          x1c2
 70.0000    0    4.000   1.0000          NULL 
 74.0000    2    4.000   1.0000          x2c1
 78.0000    0    2.000   1.0000          NULL 
 80.0000    3    4.000   1.0000          x1c2
 84.0000    0   12.000   1.0000          NULL 
 96.0000    4    4.000   1.0000          x2c2
100.0000    0    8.000   1.0000          NULL 
108.0000    2    4.000   1.0000          x2c1
112.0000    0    4.000   1.0000          NULL 
116.0000    1    4.000   1.0000          x1c1
120.0000    0   12.000   1.0000          NULL 
132.0000    4    4.000   1.0000          x2c2
136.0000    0   10.000   1.0000          NULL 
146.0000    1    4.000   1.0000          x1c1
150.0000    0    2.000   1.0000          NULL 
152.0000    1    4.000   1.0000          x1c1
156.0000    0   10.000   1.0000          NULL 
166.0000    2    4.000   1.0000          x2c1
170.0000    0    8.000   1.0000          NULL 
178.0000    4    4.000   1.0000          x2c2
182.0000    0    8.000   1.0000          NULL 
190.0000    3    4.000   1.0000          x1c2
194.0000    0    8.000   1.0000          NULL 
202.0000    4    4.000   1.0000          x2c2
206.0000    0    2.000   1.0000          NULL 
208.0000    2    4.000   1.0000          x2c1
212.0000    0    6.000   1.0000          NULL 
218.0000    3    4.000   1.0000          x1c2
222.0000    0   18.000   1.0000          NULL 
