  0.0000    4    4.000   1.0000          x2c2
  4.0000    0    4.000   1.0000          NULL 
  8.0000    3    4.000   1.0000          x1c2
 12.0000    0    6.000   1.0000          NULL 
 18.0000    2    4.000   1.0000          x2c1
 22.0000    0   10.000   1.0000          NULL 
 32.0000    3    4.000   1.0000          x1c2
 36.0000    0   14.000   1.0000          NULL 
 50.0000    1    4.000   1.0000          x1c1
 54.0000    0   10.000   1.0000          NULL 
 64.0000    4    4.000   1.0000          x2c2
 68.0000    0   10.000   1.0000          NULL 
 78.0000    3    4.000   1.0000          x1c2
 82.0000    0   12.000   1.0000          NULL 
 94.0000    1    4.000   1.0000          x1c1
 98.0000    0    4.000   1.0000          NULL 
102.0000    2    4.000   1.0000          x2c1
106.0000    0    4.000   1.0000          NULL 
110.0000    3    4.000   1.0000          x1c2
114.0000    0    8.000   1.0000          NULL 
122.0000    2    4.000   1.0000          x2c1
126.0000    0    8.000   1.0000          NULL 
134.0000    4    4.000   1.0000          x2c2
138.0000    0    2.000   1.0000          NULL 
140.0000    1    4.000   1.0000          x1c1
144.0000    0    2.000   1.0000          NULL 
146.0000    4    4.000   1.0000          x2c2
150.0000    0   14.000   1.0000          NULL 
164.0000    2    4.000   1.0000          x2c1
168.0000    0   10.000   1.0000          NULL 
178.0000    1    4.000   1.0000          x1c1
182.0000    0   10.000   1.0000          NULL 
192.0000    1    4.000   1.0000          x1c1
196.0000    0    6.000   1.0000          NULL 
202.0000    2    4.000   1.0000          x2c1
206.0000    0   12.000   1.0000          NULL 
218.0000    3    4.000   1.0000          x1c2
222.0000    0    2.000   1.0000          NULL 
224.0000    4    4.000   1.0000          x2c2
228.0000    0   12.000   1.0000          NULL 
