  0.0000    1    4.000   1.0000          x1c1
  4.0000    0    8.000   1.0000          NULL 
 12.0000    2    4.000   1.0000          x2c1
 16.0000    0   10.000   1.0000          NULL 
 26.0000    2    4.000   1.0000          x2c1
 30.0000    0    8.000   1.0000          NULL 
 38.0000    4    4.000   1.0000          x2c2
 42.0000    0    2.000   1.0000          NULL 
 44.0000    3    4.000   1.0000          x1c2
 48.0000    0   10.000   1.0000          NULL 
 58.0000    1    4.000   1.0000          x1c1
 62.0000    0   14.000   1.0000          NULL 
 76.0000    3    4.000   1.0000          x1c2
 80.0000    0   10.000   1.0000          NULL 
 90.0000    3    4.000   1.0000          x1c2
 94.0000    0    2.000   1.0000          NULL 
 96.0000    2    4.000   1.0000          x2c1
100.0000    0    2.000   1.0000          NULL 
102.0000    4    4.000   1.0000          x2c2
106.0000    0    6.000   1.0000          NULL 
112.0000    2    4.000   1.0000          x2c1
116.0000    0   12.000   1.0000          NULL 
128.0000    2    4.000   1.0000          x2c1
132.0000    0    6.000   1.0000          NULL 
138.0000    3    4.000   1.0000          x1c2
142.0000    0    4.000   1.0000          NULL 
146.0000    4    4.000   1.0000          x2c2
150.0000    0    4.000   1.0000          NULL 
154.0000    3    4.000   1.0000          x1c2
158.0000    0   14.000   1.0000          NULL 
172.0000    4    4.000   1.0000          x2c2
176.0000    0    4.000   1.0000          NULL 
180.0000    1    4.000   1.0000          x1c1
184.0000    0   14.000   1.0000          NULL 
198.0000    1    4.000   1.0000          x1c1
202.0000    0    8.000   1.0000          NULL 
210.0000    4    4.000   1.0000          x2c2
214.0000    0   12.000   1.0000          NULL 
226.0000    1    4.000   1.0000          x1c1
230.0000    0   10.000   1.0000          NULL 
