  0.0000    3    4.000   1.0000          x1c2
  4.0000    0    6.000   1.0000          NULL 
 10.0000    4    4.000   1.0000          x2c2
 14.0000    0   14.000   1.0000          NULL 
 28.0000    2    4.000   1.0000          x2c1
 32.0000    0   10.000   1.0000          NULL 
 42.0000    2    4.000   1.0000          x2c1
 46.0000    0    6.000   1.0000          NULL 
 52.0000    2    4.000   1.0000          x2c1
 56.0000    0   12.000   1.0000          NULL 
 68.0000    2    4.000   1.0000          x2c1
 72.0000    0    4.000   1.0000          NULL 
 76.0000    3    4.000   1.0000          x1c2
 80.0000    0    8.000   1.0000          NULL 
 88.0000    2    4.000   1.0000          x2c1
 92.0000    0    6.000   1.0000          NULL 
 98.0000    1    4.000   1.0000          x1c1
102.0000    0   10.000   1.0000          NULL 
112.0000    4    4.000   1.0000          x2c2
116.0000    0   12.000   1.0000          NULL 
128.0000    4    4.000   1.0000          x2c2
132.0000    0   12.000   1.0000          NULL 
144.0000    4    4.000   1.0000          x2c2
148.0000    0    2.000   1.0000          NULL 
150.0000    1    4.000   1.0000          x1c1
154.0000    0    6.000   1.0000          NULL 
160.0000    1    4.000   1.0000          x1c1
164.0000    0    8.000   1.0000          NULL 
172.0000    3    4.000   1.0000          x1c2
176.0000    0    4.000   1.0000          NULL 
180.0000    1    4.000   1.0000          x1c1
184.0000    0    2.000   1.0000          NULL 
186.0000    3    4.000   1.0000          x1c2
190.0000    0   14.000   1.0000          NULL 
204.0000    4    4.000   1.0000          x2c2
208.0000    0    6.000   1.0000          NULL 
214.0000    1    4.000   1.0000          x1c1
218.0000    0    8.000   1.0000          NULL 
226.0000    3    4.000   1.0000          x1c2
230.0000    0   10.000   1.0000          NULL 
