  0.0000    1    4.000   1.0000          x1c1
  4.0000    0    8.000   1.0000          NULL 
 12.0000    4    4.000   1.0000          x2c2
 16.0000    0    8.000   1.0000          NULL 
 24.0000    2    4.000   1.0000          x2c1
 28.0000    0    8.000   1.0000          NULL 
 36.0000    1    4.000   1.0000          x1c1
 40.0000    0    8.000   1.0000          NULL 
 48.0000    2    4.000   1.0000          x2c1
 52.0000    0   12.000   1.0000          NULL 
 64.0000    2    4.000   1.0000          x2c1
 68.0000    0    8.000   1.0000          NULL 
 76.0000    1    4.000   1.0000          x1c1
 80.0000    0   10.000   1.0000          NULL 
 90.0000    2    4.000   1.0000          x2c1
 94.0000    0   12.000   1.0000          NULL 
106.0000    3    4.000   1.0000          x1c2
110.0000    0    6.000   1.0000          NULL 
116.0000    3    4.000   1.0000          x1c2
120.0000    0    2.000   1.0000          NULL 
122.0000    4    4.000   1.0000          x2c2
126.0000    0    2.000   1.0000          NULL 
128.0000    4    4.000   1.0000          x2c2
132.0000    0    6.000   1.0000          NULL 
138.0000    4    4.000   1.0000          x2c2
142.0000    0    8.000   1.0000          NULL 
150.0000    4    4.000   1.0000          x2c2
154.0000    0   12.000   1.0000          NULL 
166.0000    1    4.000   1.0000          x1c1
170.0000    0    4.000   1.0000          NULL 
174.0000    3    4.000   1.0000          x1c2
178.0000    0    8.000   1.0000          NULL 
186.0000    1    4.000   1.0000          x1c1
190.0000    0   14.000   1.0000          NULL 
204.0000    3    4.000   1.0000          x1c2
208.0000    0    2.000   1.0000          NULL 
210.0000    2    4.000   1.0000          x2c1
214.0000    0    2.000   1.0000          NULL 
216.0000    3    4.000   1.0000          x1c2
220.0000    0   20.000   1.0000          NULL 
