  0.0000    1    4.000   1.0000          x1c1
  4.0000    0    2.000   1.0000          NULL 
  6.0000    2    4.000   1.0000          x2c1
 10.0000    0   10.000   1.0000          NULL 
 20.0000    2    4.000   1.0000          x2c1
 24.0000    0    4.000   1.0000          NULL 
 28.0000    2    4.000   1.0000          x2c1
 32.0000    0    8.000   1.0000          NULL 
 40.0000    4    4.000   1.0000          x2c2
 44.0000    0   12.000   1.0000          NULL 
 56.0000    4    4.000   1.0000          x2c2
 60.0000    0    6.000   1.0000          NULL 
 66.0000    3    4.000   1.0000          x1c2
 70.0000    0    2.000   1.0000          NULL 
 72.0000    4    4.000   1.0000          x2c2
 76.0000    0    2.000   1.0000          NULL 
 78.0000    2    4.000   1.0000          x2c1
 82.0000    0    8.000   1.0000          NULL 
 90.0000    3    4.000   1.0000          x1c2
 94.0000    0   12.000   1.0000          NULL 
106.0000    3    4.000   1.0000          x1c2
110.0000    0   14.000   1.0000          NULL 
124.0000    1    4.000   1.0000          x1c1
128.0000    0   10.000   1.0000          NULL 
138.0000    3    4.000   1.0000          x1c2
142.0000    0   14.000   1.0000          NULL 
156.0000    1    4.000   1.0000          x1c1
160.0000    0    4.000   1.0000          NULL 
164.0000    1    4.000   1.0000          x1c1
168.0000    0    8.000   1.0000          NULL 
176.0000    3    4.000   1.0000          x1c2
180.0000    0    6.000   1.0000          NULL 
186.0000    4    4.000   1.0000          x2c2
190.0000    0   12.000   1.0000          NULL 
202.0000    2    4.000   1.0000          x2c1
206.0000    0   10.000   1.0000          NULL 
216.0000    4    4.000   1.0000          x2c2
220.0000    0    6.000   1.0000          NULL 
226.0000    1    4.000   1.0000          x1c1
230.0000    0   10.000   1.0000          NULL 
