  0.0000    3    4.000   1.0000          x1c2
  4.0000    0    4.000   1.0000          NULL 
  8.0000    1    4.000   1.0000          x1c1
 12.0000    0   14.000   1.0000          NULL 
 26.0000    4    4.000   1.0000          x2c2
 30.0000    0   10.000   1.0000          NULL 
 40.0000    3    4.000   1.0000          x1c2
 44.0000    0    6.000   1.0000          NULL 
 50.0000    1    4.000   1.0000          x1c1
 54.0000    0   14.000   1.0000          NULL 
 68.0000    2    4.000   1.0000          x2c1
 72.0000    0    8.000   1.0000          NULL 
 80.0000    1    4.000   1.0000          x1c1
 84.0000    0   12.000   1.0000          NULL 
 96.0000    2    4.000   1.0000          x2c1
100.0000    0    6.000   1.0000          NULL 
106.0000    1    4.000   1.0000          x1c1
110.0000    0    4.000   1.0000          NULL 
114.0000    1    4.000   1.0000          x1c1
118.0000    0    6.000   1.0000          NULL 
124.0000    3    4.000   1.0000          x1c2
128.0000    0    4.000   1.0000          NULL 
132.0000    3    4.000   1.0000          x1c2
136.0000    0    4.000   1.0000          NULL 
140.0000    4    4.000   1.0000          x2c2
144.0000    0   12.000   1.0000          NULL 
156.0000    4    4.000   1.0000          x2c2
160.0000    0    4.000   1.0000          NULL 
164.0000    2    4.000   1.0000          x2c1
168.0000    0   12.000   1.0000          NULL 
180.0000    4    4.000   1.0000          x2c2
184.0000    0    8.000   1.0000          NULL 
192.0000    4    4.000   1.0000          x2c2
196.0000    0    2.000   1.0000          NULL 
198.0000    3    4.000   1.0000          x1c2
202.0000    0   10.000   1.0000          NULL 
212.0000    2    4.000   1.0000          x2c1
216.0000    0   10.000   1.0000          NULL 
226.0000    2    4.000   1.0000          x2c1
230.0000    0   10.000   1.0000          NULL 
