  0.0000    3    4.000   1.0000          x1c2
  4.0000    0   14.000   1.0000          NULL 
 18.0000    2    4.000   1.0000          x2c1
 22.0000    0   12.000   1.0000          NULL 
 34.0000    4    4.000   1.0000          x2c2
 38.0000    0    6.000   1.0000          NULL 
 44.0000    1    4.000   1.0000          x1c1
 48.0000    0    4.000   1.0000          NULL 
 52.0000    3    4.000   1.0000          x1c2
 56.0000    0    6.000   1.0000          NULL 
 62.0000    4    4.000   1.0000          x2c2
 66.0000    0    8.000   1.0000          NULL 
 74.0000    1    4.000   1.0000          x1c1
 78.0000    0    8.000   1.0000          NULL 
 86.0000    2    4.000   1.0000          x2c1
 90.0000    0    2.000   1.0000          NULL 
 92.0000    4    4.000   1.0000          x2c2
 96.0000    0    8.000   1.0000          NULL 
104.0000    3    4.000   1.0000          x1c2
108.0000    0    2.000   1.0000          NULL 
110.0000    4    4.000   1.0000          x2c2
114.0000    0    8.000   1.0000          NULL 
122.0000    1    4.000   1.0000          x1c1
126.0000    0   10.000   1.0000          NULL 
136.0000    2    4.000   1.0000          x2c1
140.0000    0   12.000   1.0000          NULL 
152.0000    2    4.000   1.0000          x2c1
156.0000    0   12.000   1.0000          NULL 
168.0000    2    4.000   1.0000          x2c1
172.0000    0   10.000   1.0000          NULL 
182.0000    1    4.000   1.0000          x1c1
186.0000    0    4.000   1.0000          NULL 
190.0000    1    4.000   1.0000          x1c1
194.0000    0   10.000   1.0000          NULL 
204.0000    4    4.000   1.0000          x2c2
208.0000    0    6.000   1.0000          NULL 
214.0000    3    4.000   1.0000          x1c2
218.0000    0    6.000   1.0000          NULL 
224.0000    3    4.000   1.0000          x1c2
228.0000    0   12.000   1.0000          NULL 
