  0.0000    4    4.000   1.0000          x2c2
  4.0000    0    8.000   1.0000          NULL 
 12.0000    2    4.000   1.0000          x2c1
 16.0000    0   14.000   1.0000          NULL 
 30.0000    2    4.000   1.0000          x2c1
 34.0000    0   12.000   1.0000          NULL 
 46.0000    3    4.000   1.0000          x1c2
 50.0000    0    4.000   1.0000          NULL 
 54.0000    4    4.000   1.0000          x2c2
 58.0000    0   10.000   1.0000          NULL 
 68.0000    1    4.000   1.0000          x1c1
 72.0000    0    2.000   1.0000          NULL 
 74.0000    1    4.000   1.0000          x1c1
 78.0000    0    8.000   1.0000          NULL 
 86.0000    2    4.000   1.0000          x2c1
 90.0000    0   10.000   1.0000          NULL 
100.0000    2    4.000   1.0000          x2c1
104.0000    0    2.000   1.0000          NULL 
106.0000    2    4.000   1.0000          x2c1
110.0000    0    2.000   1.0000          NULL 
112.0000    3    4.000   1.0000          x1c2
116.0000    0    8.000   1.0000          NULL 
124.0000    1    4.000   1.0000          x1c1
128.0000    0   12.000   1.0000          NULL 
140.0000    4    4.000   1.0000          x2c2
144.0000    0    8.000   1.0000          NULL 
152.0000    3    4.000   1.0000          x1c2
156.0000    0    8.000   1.0000          NULL 
164.0000    4    4.000   1.0000          x2c2
168.0000    0    6.000   1.0000          NULL 
174.0000    3    4.000   1.0000          x1c2
178.0000    0    6.000   1.0000          NULL 
184.0000    4    4.000   1.0000          x2c2
188.0000    0   14.000   1.0000          NULL 
202.0000    3    4.000   1.0000          x1c2
206.0000    0    4.000   1.0000          NULL 
210.0000    1    4.000   1.0000          x1c1
214.0000    0    6.000   1.0000          NULL 
220.0000    1    4.000   1.0000          x1c1
224.0000    0   16.000   1.0000          NULL 
