  0.0000    3    4.000   1.0000          x1c2
  4.0000    0    2.000   1.0000          NULL 
  6.0000    1    4.000   1.0000          x1c1
 10.0000    0    8.000   1.0000          NULL 
 18.0000    4    4.000   1.0000          x2c2
 22.0000    0    4.000   1.0000          NULL 
 26.0000    3    4.000   1.0000          x1c2
 30.0000    0    6.000   1.0000          NULL 
 36.0000    1    4.000   1.0000          x1c1
 40.0000    0    4.000   1.0000          NULL 
 44.0000    4    4.000   1.0000          x2c2
 48.0000    0    8.000   1.0000          NULL 
 56.0000    4    4.000   1.0000          x2c2
 60.0000    0   12.000   1.0000          NULL 
 72.0000    1    4.000   1.0000          x1c1
 76.0000    0    8.000   1.0000          NULL 
 84.0000    3    4.000   1.0000          x1c2
 88.0000    0   14.000   1.0000          NULL 
102.0000    2    4.000   1.0000          x2c1
106.0000    0    2.000   1.0000          NULL 
108.0000    3    4.000   1.0000          x1c2
112.0000    0   12.000   1.0000          NULL 
124.0000    1    4.000   1.0000          x1c1
128.0000    0    8.000   1.0000          NULL 
136.0000    2    4.000   1.0000          x2c1
140.0000    0    8.000   1.0000          NULL 
148.0000    1    4.000   1.0000          x1c1
152.0000    0   10.000   1.0000          NULL 
162.0000    2    4.000   1.0000          x2c1
166.0000    0    4.000   1.0000          NULL 
170.0000    4    4.000   1.0000          x2c2
174.0000    0    8.000   1.0000          NULL 
182.0000    4    4.000   1.0000          x2c2
186.0000    0    8.000   1.0000          NULL 
194.0000    2    4.000   1.0000          x2c1
198.0000    0   10.000   1.0000          NULL 
208.0000    2    4.000   1.0000          x2c1
212.0000    0    6.000   1.0000          NULL 
218.0000    3    4.000   1.0000          x1c2
222.0000    0   18.000   1.0000          NULL 
