  0.0000    1    4.000   1.0000          x1c1
  4.0000    0    2.000   1.0000          NULL 
  6.0000    2    4.000   1.0000          x2c1
 10.0000    0    2.000   1.0000          NULL 
 12.0000    2    4.000   1.0000          x2c1
 16.0000    0    2.000   1.0000          NULL 
 18.0000    1    4.000   1.0000          x1c1
 22.0000    0    6.000   1.0000          NULL 
 28.0000    3    4.000   1.0000          x1c2
 32.0000    0    6.000   1.0000          NULL 
 38.0000    3    4.000   1.0000          x1c2
 42.0000    0    8.000   1.0000          NULL 
 50.0000    1    4.000   1.0000          x1c1
 54.0000    0    8.000   1.0000          NULL 
 62.0000    3    4.000   1.0000          x1c2
 66.0000    0    6.000   1.0000          NULL 
 72.0000    1    4.000   1.0000          x1c1
 76.0000    0   14.000   1.0000          NULL 
 90.0000    3    4.000   1.0000          x1c2
 94.0000    0    6.000   1.0000          NULL 
100.0000    2    4.000   1.0000          x2c1
104.0000    0   12.000   1.0000          NULL 
116.0000    4    4.000   1.0000          x2c2
120.0000    0   14.000   1.0000          NULL 
134.0000    4    4.000   1.0000          x2c2
138.0000    0   10.000   1.0000          NULL 
148.0000    2    4.000   1.0000          x2c1
152.0000    0    6.000   1.0000          NULL 
158.0000    1    4.000   1.0000          x1c1
162.0000    0    8.000   1.0000          NULL 
170.0000    3    4.000   1.0000          x1c2
174.0000    0   10.000   1.0000          NULL 
184.0000    4    4.000   1.0000          x2c2
188.0000    0   14.000   1.0000          NULL 
202.0000    4    4.000   1.0000          x2c2
206.0000    0    8.000   1.0000          NULL 
214.0000    2    4.000   1.0000          x2c1
218.0000    0    8.000   1.0000          NULL 
226.0000    4    4.000   1.0000          x2c2
230.0000    0   10.000   1.0000          NULL 
