  0.0000    1    4.000   1.0000          x1c1
  4.0000    0    2.000   1.0000          NULL 
  6.0000    1    4.000   1.0000          x1c1
 10.0000    0    2.000   1.0000          NULL 
 12.0000    3    4.000   1.0000          x1c2
 16.0000    0    6.000   1.0000          NULL 
 22.0000    4    4.000   1.0000          x2c2
 26.0000    0    8.000   1.0000          NULL 
 34.0000    3    4.000   1.0000          x1c2
 38.0000    0   14.000   1.0000          NULL 
 52.0000    2    4.000   1.0000          x2c1
 56.0000    0   10.000   1.0000          NULL 
 66.0000    2    4.000   1.0000          x2c1
 70.0000    0    8.000   1.0000          NULL 
 78.0000    3    4.000   1.0000          x1c2
 82.0000    0    8.000   1.0000          NULL 
 90.0000    3    4.000   1.0000          x1c2
 94.0000    0    2.000   1.0000          NULL 
 96.0000    2    4.000   1.0000          x2c1
100.0000    0   12.000   1.0000          NULL 
112.0000    2    4.000   1.0000          x2c1
116.0000    0   12.000   1.0000          NULL 
128.0000    4    4.000   1.0000          x2c2
132.0000    0    8.000   1.0000          NULL 
140.0000    1    4.000   1.0000          x1c1
144.0000    0   12.000   1.0000          NULL 
156.0000    3    4.000   1.0000          x1c2
160.0000    0    6.000   1.0000          NULL 
166.0000    4    4.000   1.0000          x2c2
170.0000    0   10.000   1.0000          NULL 
180.0000    2    4.000   1.0000          x2c1
184.0000    0    4.000   1.0000          NULL 
188.0000    1    4.000   1.0000          x1c1
192.0000    0    8.000   1.0000          NULL 
200.0000    4    4.000   1.0000          x2c2
204.0000    0    4.000   1.0000          NULL 
208.0000    1    4.000   1.0000          x1c1
212.0000    0   12.000   1.0000          NULL 
224.0000    4    4.000   1.0000          x2c2
228.0000    0   12.000   1.0000          NULL 
