  0.0000    1    4.000   1.0000          x1c1
  4.0000    0    8.000   1.0000          NULL 
 12.0000    3    4.000   1.0000          x1c2
 16.0000    0   10.000   1.0000          NULL 
 26.0000    4    4.000   1.0000          x2c2
 30.0000    0    6.000   1.0000          NULL 
 36.0000    1    4.000   1.0000          x1c1
 40.0000    0   12.000   1.0000          NULL 
 52.0000    4    4.000   1.0000          x2c2
 56.0000    0    4.000   1.0000          NULL 
 60.0000    3    4.000   1.0000          x1c2
 64.0000    0    8.000   1.0000          NULL 
 72.0000    4    4.000   1.0000          x2c2
 76.0000    0    2.000   1.0000          NULL 
 78.0000    4    4.000   1.0000          x2c2
 82.0000    0    6.000   1.0000          NULL 
 88.0000    3    4.000   1.0000          x1c2
 92.0000    0    4.000   1.0000          NULL 
 96.0000    1    4.000   1.0000          x1c1
100.0000    0   14.000   1.0000          NULL 
114.0000    2    4.000   1.0000          x2c1
118.0000    0    4.000   1.0000          NULL 
122.0000    1    4.000   1.0000          x1c1
126.0000    0   10.000   1.0000          NULL 
136.0000    3    4.000   1.0000          x1c2
140.0000    0   10.000   1.0000          NULL 
150.0000    2    4.000   1.0000          x2c1
154.0000    0    6.000   1.0000          NULL 
160.0000    4    4.000   1.0000          x2c2
164.0000    0    8.000   1.0000          NULL 
172.0000    1    4.000   1.0000          x1c1
176.0000    0    2.000   1.0000          NULL 
178.0000    2    4.000   1.0000          x2c1
182.0000    0    8.000   1.0000          NULL 
190.0000    2    4.000   1.0000          x2c1
194.0000    0    4.000   1.0000          NULL 
198.0000    2    4.000   1.0000          x2c1
202.0000    0    8.000   1.0000          NULL 
210.0000    3    4.000   1.0000          x1c2
214.0000    0   26.000   1.0000          NULL 
