  0.0000    1    4.000   1.0000          x1c1
  4.0000    0   10.000   1.0000          NULL 
 14.0000    2    4.000   1.0000          x2c1
 18.0000    0    8.000   1.0000          NULL 
 26.0000    2    4.000   1.0000          x2c1
 30.0000    0   12.000   1.0000          NULL 
 42.0000    3    4.000   1.0000          x1c2
 46.0000    0   12.000   1.0000          NULL 
 58.0000    1    4.000   1.0000          x1c1
 62.0000    0    4.000   1.0000          NULL 
 66.0000    3    4.000   1.0000          x1c2
 70.0000    0   12.000   1.0000          NULL 
 82.0000    1    4.000   1.0000          x1c1
 86.0000    0    2.000   1.0000          NULL 
 88.0000    4    4.000   1.0000          x2c2
 92.0000    0   10.000   1.0000          NULL 
102.0000    3    4.000   1.0000          x1c2
106.0000    0    2.000   1.0000          NULL 
108.0000    4    4.000   1.0000          x2c2
112.0000    0   14.000   1.0000          NULL 
126.0000    2    4.000   1.0000          x2c1
130.0000    0    4.000   1.0000          NULL 
134.0000    1    4.000   1.0000          x1c1
138.0000    0   10.000   1.0000          NULL 
148.0000    1    4.000   1.0000          x1c1
152.0000    0   10.000   1.0000          NULL 
162.0000    2    4.000   1.0000          x2c1
166.0000    0    6.000   1.0000          NULL 
172.0000    4    4.000   1.0000          x2c2
176.0000    0    2.000   1.0000          NULL 
178.0000    4    4.000   1.0000          x2c2
182.0000    0    8.000   1.0000          NULL 
190.0000    2    4.000   1.0000          x2c1
194.0000    0   10.000   1.0000          NULL 
204.0000    3    4.000   1.0000          x1c2
208.0000    0    8.000   1.0000          NULL 
216.0000    4    4.000   1.0000          x2c2
220.0000    0    6.000   1.0000          NULL 
226.0000    3    4.000   1.0000          x1c2
230.0000    0   10.000   1.0000          NULL 
