  0.0000    1    4.000   1.0000          x1c1
  4.0000    0    8.000   1.0000          NULL 
 12.0000    3    4.000   1.0000          x1c2
 16.0000    0    4.000   1.0000          NULL 
 20.0000    2    4.000   1.0000          x2c1
 24.0000    0   10.000   1.0000          NULL 
 34.0000    3    4.000   1.0000          x1c2
 38.0000    0   12.000   1.0000          NULL 
 50.0000    2    4.000   1.0000          x2c1
 54.0000    0    8.000   1.0000          NULL 
 62.0000    2    4.000   1.0000          x2c1
 66.0000    0    6.000   1.0000          NULL 
 72.0000    4    4.000   1.0000          x2c2
 76.0000    0    6.000   1.0000          NULL 
 82.0000    4    4.000   1.0000          x2c2
 86.0000    0    8.000   1.0000          NULL 
 94.0000    1    4.000   1.0000          x1c1
 98.0000    0    6.000   1.0000          NULL 
104.0000    3    4.000   1.0000          x1c2
108.0000    0    8.000   1.0000          NULL 
116.0000    2    4.000   1.0000          x2c1
120.0000    0   12.000   1.0000          NULL 
132.0000    4    4.000   1.0000          x2c2
136.0000    0    6.000   1.0000          NULL 
142.0000    1    4.000   1.0000          x1c1
146.0000    0    2.000   1.0000          NULL 
148.0000    3    4.000   1.0000          x1c2
152.0000    0    2.000   1.0000          NULL 
154.0000    4    4.000   1.0000          x2c2
158.0000    0   14.000   1.0000          NULL 
172.0000    4    4.000   1.0000          x2c2
176.0000    0    2.000   1.0000          NULL 
178.0000    2    4.000   1.0000          x2c1
182.0000    0    4.000   1.0000          NULL 
186.0000    3    4.000   1.0000          x1c2
190.0000    0   14.000   1.0000          NULL 
204.0000    1    4.000   1.0000          x1c1
208.0000    0    8.000   1.0000          NULL 
216.0000    1    4.000   1.0000          x1c1
220.0000    0   20.000   1.0000          NULL 
