  0.0000    2    4.000   1.0000          x2c1
  4.0000    0   14.000   1.0000          NULL 
 18.0000    3    4.000   1.0000          x1c2
 22.0000    0    4.000   1.0000          NULL 
 26.0000    1    4.000   1.0000          x1c1
 30.0000    0   12.000   1.0000          NULL 
 42.0000    2    4.000   1.0000          x2c1
 46.0000    0    8.000   1.0000          NULL 
 54.0000    1    4.000   1.0000          x1c1
 58.0000    0    4.000   1.0000          NULL 
 62.0000    4    4.000   1.0000          x2c2
 66.0000    0    4.000   1.0000          NULL 
 70.0000    2    4.000   1.0000          x2c1
 74.0000    0   10.000   1.0000          NULL 
 84.0000    4    4.000   1.0000          x2c2
 88.0000    0    2.000   1.0000          NULL 
 90.0000    4    4.000   1.0000          x2c2
 94.0000    0    6.000   1.0000          NULL 
100.0000    4    4.000   1.0000          x2c2
104.0000    0    2.000   1.0000          NULL 
106.0000    2    4.000   1.0000          x2c1
110.0000    0    8.000   1.0000          NULL 
118.0000    3    4.000   1.0000          x1c2
122.0000    0    8.000   1.0000          NULL 
130.0000    3    4.000   1.0000          x1c2
134.0000    0    6.000   1.0000          NULL 
140.0000    1    4.000   1.0000          x1c1
144.0000    0    6.000   1.0000          NULL 
150.0000    3    4.000   1.0000          x1c2
154.0000    0    8.000   1.0000          NULL 
162.0000    3    4.000   1.0000          x1c2
166.0000    0    8.000   1.0000          NULL 
174.0000    1    4.000   1.0000          x1c1
178.0000    0   12.000   1.0000          NULL 
190.0000    4    4.000   1.0000          x2c2
194.0000    0   10.000   1.0000          NULL 
204.0000    2    4.000   1.0000          x2c1
208.0000    0   14.000   1.0000          NULL 
222.0000    1    4.000   1.0000          x1c1
226.0000    0   14.000   1.0000          NULL 
