  0.0000    2    4.000   1.0000          x2c1
  4.0000    0   14.000   1.0000          NULL 
 18.0000    3    4.000   1.0000          x1c2
 22.0000    0    2.000   1.0000          NULL 
 24.0000    4    4.000   1.0000          x2c2
 28.0000    0   12.000   1.0000          NULL 
 40.0000    1    4.000   1.0000          x1c1
 44.0000    0   10.000   1.0000          NULL 
 54.0000    4    4.000   1.0000          x2c2
 58.0000    0   10.000   1.0000          NULL 
 68.0000    4    4.000   1.0000          x2c2
 72.0000    0    2.000   1.0000          NULL 
 74.0000    2    4.000   1.0000          x2c1
 78.0000    0    4.000   1.0000          NULL 
 82.0000    3    4.000   1.0000          x1c2
 86.0000    0   14.000   1.0000          NULL 
100.0000    4    4.000   1.0000          x2c2
104.0000    0    4.000   1.0000          NULL 
108.0000    2    4.000   1.0000          x2c1
112.0000    0   10.000   1.0000          NULL 
122.0000    4    4.000   1.0000          x2c2
126.0000    0    4.000   1.0000          NULL 
130.0000    1    4.000   1.0000          x1c1
134.0000    0    2.000   1.0000          NULL 
136.0000    3    4.000   1.0000          x1c2
140.0000    0   12.000   1.0000          NULL 
152.0000    1    4.000   1.0000          x1c1
156.0000    0    8.000   1.0000          NULL 
164.0000    3    4.000   1.0000          x1c2
168.0000    0   10.000   1.0000          NULL 
178.0000    2    4.000   1.0000          x2c1
182.0000    0    6.000   1.0000          NULL 
188.0000    2    4.000   1.0000          x2c1
192.0000    0   12.000   1.0000          NULL 
204.0000    3    4.000   1.0000          x1c2
208.0000    0    6.000   1.0000          NULL 
214.0000    1    4.000   1.0000          x1c1
218.0000    0    8.000   1.0000          NULL 
226.0000    1    4.000   1.0000          x1c1
230.0000    0   10.000   1.0000          NULL 
