  0.0000    2    4.000   1.0000          x2c1
  4.0000    0   10.000   1.0000          NULL 
 14.0000    4    4.000   1.0000          x2c2
 18.0000    0    6.000   1.0000          NULL 
 24.0000    1    4.000   1.0000          x1c1
 28.0000    0   12.000   1.0000          NULL 
 40.0000    1    4.000   1.0000          x1c1
 44.0000    0    4.000   1.0000          NULL 
 48.0000    3    4.000   1.0000          x1c2
 52.0000    0    6.000   1.0000          NULL 
 58.0000    4    4.000   1.0000          x2c2
 62.0000    0    8.000   1.0000          NULL 
 70.0000    2    4.000   1.0000          x2c1
 74.0000    0   10.000   1.0000          NULL 
 84.0000    4    4.000   1.0000          x2c2
 88.0000    0    8.000   1.0000          NULL 
 96.0000    1    4.000   1.0000          x1c1
100.0000    0    8.000   1.0000          NULL 
108.0000    4    4.000   1.0000          x2c2
112.0000    0    6.000   1.0000          NULL 
118.0000    2    4.000   1.0000          x2c1
122.0000    0    8.000   1.0000          NULL 
130.0000    1    4.000   1.0000          x1c1
134.0000    0    6.000   1.0000          NULL 
140.0000    4    4.000   1.0000          x2c2
144.0000    0   12.000   1.0000          NULL 
156.0000    3    4.000   1.0000          x1c2
160.0000    0    6.000   1.0000          NULL 
166.0000    2    4.000   1.0000          x2c1
170.0000    0   10.000   1.0000          NULL 
180.0000    3    4.000   1.0000          x1c2
184.0000    0    8.000   1.0000          NULL 
192.0000    3    4.000   1.0000          x1c2
196.0000    0    8.000   1.0000          NULL 
204.0000    2    4.000   1.0000          x2c1
208.0000    0    2.000   1.0000          NULL 
210.0000    3    4.000   1.0000          x1c2
214.0000    0    2.000   1.0000          NULL 
216.0000    1    4.000   1.0000          x1c1
220.0000    0   20.000   1.0000          NULL 
