  0.0000    1    4.000   1.0000          x1c1
  4.0000    0    6.000   1.0000          NULL 
 10.0000    2    4.000   1.0000          x2c1
 14.0000    0    8.000   1.0000          NULL 
 22.0000    3    4.000   1.0000          x1c2
 26.0000    0    6.000   1.0000          NULL 
 32.0000    1    4.000   1.0000          x1c1
 36.0000    0   10.000   1.0000          NULL 
 46.0000    1    4.000   1.0000          x1c1
 50.0000    0    6.000   1.0000          NULL 
 56.0000    3    4.000   1.0000          x1c2
 60.0000    0    8.000   1.0000          NULL 
 68.0000    3    4.000   1.0000          x1c2
 72.0000    0   12.000   1.0000          NULL 
 84.0000    2    4.000   1.0000          x2c1
 88.0000    0    8.000   1.0000          NULL 
 96.0000    3    4.000   1.0000          x1c2
100.0000    0    4.000   1.0000          NULL 
104.0000    4    4.000   1.0000          x2c2
108.0000    0    6.000   1.0000          NULL 
114.0000    4    4.000   1.0000          x2c2
118.0000    0   10.000   1.0000          NULL 
128.0000    4    4.000   1.0000          x2c2
132.0000    0    6.000   1.0000          NULL 
138.0000    2    4.000   1.0000          x2c1
142.0000    0    6.000   1.0000          NULL 
148.0000    1    4.000   1.0000          x1c1
152.0000    0    8.000   1.0000          NULL 
160.0000    2    4.000   1.0000          x2c1
164.0000    0   14.000   1.0000          NULL 
178.0000    1    4.000   1.0000          x1c1
182.0000    0    8.000   1.0000          NULL 
190.0000    3    4.000   1.0000          x1c2
194.0000    0   10.000   1.0000          NULL 
204.0000    4    4.000   1.0000          x2c2
208.0000    0    4.000   1.0000          NULL 
212.0000    2    4.000   1.0000          x2c1
216.0000    0    8.000   1.0000          NULL 
224.0000    4    4.000   1.0000          x2c2
228.0000    0   12.000   1.0000          NULL 
