  0.0000    2    4.000   1.0000          x2c1
  4.0000    0    2.000   1.0000          NULL 
  6.0000    3    4.000   1.0000          x1c2
 10.0000    0    4.000   1.0000          NULL 
 14.0000    1    4.000   1.0000          x1c1
 18.0000    0   10.000   1.0000          NULL 
 28.0000    2    4.000   1.0000          x2c1
 32.0000    0    8.000   1.0000          NULL 
 40.0000    2    4.000   1.0000          x2c1
 44.0000    0    4.000   1.0000          NULL 
 48.0000    1    4.000   1.0000          x1c1
 52.0000    0    2.000   1.0000          NULL 
 54.0000    1    4.000   1.0000          x1c1
 58.0000    0    2.000   1.0000          NULL 
 60.0000    3    4.000   1.0000          x1c2
 64.0000    0    6.000   1.0000          NULL 
 70.0000    4    4.000   1.0000          x2c2
 74.0000    0   10.000   1.0000          NULL 
 84.0000    1    4.000   1.0000          x1c1
 88.0000    0   14.000   1.0000          NULL 
102.0000    3    4.000   1.0000          x1c2
106.0000    0    8.000   1.0000          NULL 
114.0000    4    4.000   1.0000          x2c2
118.0000    0   12.000   1.0000          NULL 
130.0000    4    4.000   1.0000          x2c2
134.0000    0    6.000   1.0000          NULL 
140.0000    2    4.000   1.0000          x2c1
144.0000    0    6.000   1.0000          NULL 
150.0000    3    4.000   1.0000          x1c2
154.0000    0    8.000   1.0000          NULL 
162.0000    2    4.000   1.0000          x2c1
166.0000    0    8.000   1.0000          NULL 
174.0000    4    4.000   1.0000          x2c2
178.0000    0   10.000   1.0000          NULL 
188.0000    3    4.000   1.0000          x1c2
192.0000    0    8.000   1.0000          NULL 
200.0000    1    4.000   1.0000          x1c1
204.0000    0   12.000   1.0000          NULL 
216.0000    4    4.000   1.0000          x2c2
220.0000    0   20.000   1.0000          NULL 
