  0.0000    4    4.000   1.0000          x2c2
  4.0000    0   12.000   1.0000          NULL 
 16.0000    4    4.000   1.0000          x2c2
 20.0000    0    2.000   1.0000          NULL 
 22.0000    3    4.000   1.0000          x1c2
 26.0000    0    4.000   1.0000          NULL 
 30.0000    1    4.000   1.0000          x1c1
 34.0000    0    8.000   1.0000          NULL 
 42.0000    1    4.000   1.0000          x1c1
 46.0000    0    2.000   1.0000          NULL 
 48.0000    2    4.000   1.0000          x2c1
 52.0000    0    8.000   1.0000          NULL 
 60.0000    2    4.000   1.0000          x2c1
 64.0000    0    6.000   1.0000          NULL 
 70.0000    1    4.000   1.0000          x1c1
 74.0000    0    2.000   1.0000          NULL 
 76.0000    3    4.000   1.0000          x1c2
 80.0000    0    8.000   1.0000          NULL 
 88.0000    1    4.000   1.0000          x1c1
 92.0000    0    4.000   1.0000          NULL 
 96.0000    3    4.000   1.0000          x1c2
100.0000    0   14.000   1.0000          NULL 
114.0000    1    4.000   1.0000          x1c1
118.0000    0   10.000   1.0000          NULL 
128.0000    2    4.000   1.0000          x2c1
132.0000    0   10.000   1.0000          NULL 
142.0000    3    4.000   1.0000          x1c2
146.0000    0   12.000   1.0000          NULL 
158.0000    4    4.000   1.0000          x2c2
162.0000    0    8.000   1.0000          NULL 
170.0000    2    4.000   1.0000          x2c1
174.0000    0   10.000   1.0000          NULL 
184.0000    4    4.000   1.0000          x2c2
188.0000    0    8.000   1.0000          NULL 
196.0000    2    4.000   1.0000          x2c1
200.0000    0    8.000   1.0000          NULL 
208.0000    4    4.000   1.0000          x2c2
212.0000    0   10.000   1.0000          NULL 
222.0000    3    4.000   1.0000          x1c2
226.0000    0   14.000   1.0000          NULL 
