  0.0000    2    4.000   1.0000          x2c1
  4.0000    0    2.000   1.0000          NULL 
  6.0000    1    4.000   1.0000          x1c1
 10.0000    0   12.000   1.0000          NULL 
 22.0000    3    4.000   1.0000          x1c2
 26.0000    0    4.000   1.0000          NULL 
 30.0000    3    4.000   1.0000          x1c2
 34.0000    0   12.000   1.0000          NULL 
 46.0000    3    4.000   1.0000          x1c2
 50.0000    0   10.000   1.0000          NULL 
 60.0000    2    4.000   1.0000          x2c1
 64.0000    0    8.000   1.0000          NULL 
 72.0000    1    4.000   1.0000          x1c1
 76.0000    0    4.000   1.0000          NULL 
 80.0000    3    4.000   1.0000          x1c2
 84.0000    0    4.000   1.0000          NULL 
 88.0000    4    4.000   1.0000          x2c2
 92.0000    0    2.000   1.0000          NULL 
 94.0000    1    4.000   1.0000          x1c1
 98.0000    0   10.000   1.0000          NULL 
108.0000    3    4.000   1.0000          x1c2
112.0000    0    6.000   1.0000          NULL 
118.0000    4    4.000   1.0000          x2c2
122.0000    0    8.000   1.0000          NULL 
130.0000    1    4.000   1.0000          x1c1
134.0000    0    8.000   1.0000          NULL 
142.0000    4    4.000   1.0000          x2c2
146.0000    0    8.000   1.0000          NULL 
154.0000    1    4.000   1.0000          x1c1
158.0000    0    6.000   1.0000          NULL 
164.0000    2    4.000   1.0000          x2c1
168.0000    0    2.000   1.0000          NULL 
170.0000    4    4.000   1.0000          x2c2
174.0000    0   14.000   1.0000          NULL 
188.0000    4    4.000   1.0000          x2c2
192.0000    0   12.000   1.0000          NULL 
204.0000    2    4.000   1.0000          x2c1
208.0000    0    8.000   1.0000          NULL 
216.0000    2    4.000   1.0000          x2c1
220.0000    0   20.000   1.0000          NULL 
