  0.0000    4    4.000   1.0000          x2c2
  4.0000    0    6.000   1.0000          NULL 
 10.0000    2    4.000   1.0000          x2c1
 14.0000    0    4.000   1.0000          NULL 
 18.0000    1    4.000   1.0000          x1c1
 22.0000    0   12.000   1.0000          NULL 
 34.0000    1    4.000   1.0000          x1c1
 38.0000    0   12.000   1.0000          NULL 
 50.0000    2    4.000   1.0000          x2c1
 54.0000    0    8.000   1.0000          NULL 
 62.0000    2    4.000   1.0000          x2c1
 66.0000    0   12.000   1.0000          NULL 
 78.0000    2    4.000   1.0000          x2c1
 82.0000    0    2.000   1.0000          NULL 
 84.0000    1    4.000   1.0000          x1c1
 88.0000    0    8.000   1.0000          NULL 
 96.0000    4    4.000   1.0000          x2c2
100.0000    0   10.000   1.0000          NULL 
110.0000    3    4.000   1.0000          x1c2
114.0000    0    4.000   1.0000          NULL 
118.0000    3    4.000   1.0000          x1c2
122.0000    0   12.000   1.0000          NULL 
134.0000    3    4.000   1.0000          x1c2
138.0000    0    8.000   1.0000          NULL 
146.0000    4    4.000   1.0000          x2c2
150.0000    0    8.000   1.0000          NULL 
158.0000    1    4.000   1.0000          x1c1
162.0000    0    8.000   1.0000          NULL 
170.0000    3    4.000   1.0000          x1c2
174.0000    0    6.000   1.0000          NULL 
180.0000    2    4.000   1.0000          x2c1
184.0000    0   12.000   1.0000          NULL 
196.0000    1    4.000   1.0000          x1c1
200.0000    0    2.000   1.0000          NULL 
202.0000    4    4.000   1.0000          x2c2
206.0000    0    4.000   1.0000          NULL 
210.0000    3    4.000   1.0000          x1c2
214.0000    0   10.000   1.0000          NULL 
224.0000    4    4.000   1.0000          x2c2
228.0000    0   12.000   1.0000          NULL 
