  0.0000    1    4.000   1.0000          x1c1
  4.0000    0    8.000   1.0000          NULL 
 12.0000    1    4.000   1.0000          x1c1
 16.0000    0   10.000   1.0000          NULL 
 26.0000    2    4.000   1.0000          x2c1
 30.0000    0    6.000   1.0000          NULL 
 36.0000    3    4.000   1.0000          x1c2
 40.0000    0   10.000   1.0000          NULL 
 50.0000    4    4.000   1.0000          x2c2
 54.0000    0    2.000   1.0000          NULL 
 56.0000    1    4.000   1.0000          x1c1
 60.0000    0    2.000   1.0000          NULL 
 62.0000    2    4.000   1.0000          x2c1
 66.0000    0   10.000   1.0000          NULL 
 76.0000    1    4.000   1.0000          x1c1
 80.0000    0    6.000   1.0000          NULL 
 86.0000    3    4.000   1.0000          x1c2
 90.0000    0    8.000   1.0000          NULL 
 98.0000    3    4.000   1.0000          x1c2
102.0000    0   10.000   1.0000          NULL 
112.0000    3    4.000   1.0000          x1c2
116.0000    0   14.000   1.0000          NULL 
130.0000    4    4.000   1.0000          x2c2
134.0000    0    8.000   1.0000          NULL 
142.0000    2    4.000   1.0000          x2c1
146.0000    0    4.000   1.0000          NULL 
150.0000    4    4.000   1.0000          x2c2
154.0000    0    4.000   1.0000          NULL 
158.0000    1    4.000   1.0000          x1c1
162.0000    0    8.000   1.0000          NULL 
170.0000    4    4.000   1.0000          x2c2
174.0000    0    6.000   1.0000          NULL 
180.0000    2    4.000   1.0000          x2c1
184.0000    0   14.000   1.0000          NULL 
198.0000    4    4.000   1.0000          x2c2
202.0000    0   10.000   1.0000          NULL 
212.0000    3    4.000   1.0000          x1c2
216.0000    0   10.000   1.0000          NULL 
226.0000    2    4.000   1.0000          x2c1
230.0000    0   10.000   1.0000          NULL 
