  0.0000    2    4.000   1.0000          x2c1
  4.0000    0   12.000   1.0000          NULL 
 16.0000    1    4.000   1.0000          x1c1
 20.0000    0    8.000   1.0000          NULL 
 28.0000    3    4.000   1.0000          x1c2
 32.0000    0   10.000   1.0000          NULL 
 42.0000    1    4.000   1.0000          x1c1
 46.0000    0    4.000   1.0000          NULL 
 50.0000    2    4.000   1.0000          x2c1
 54.0000    0   12.000   1.0000          NULL 
 66.0000    3    4.000   1.0000          x1c2
 70.0000    0    6.000   1.0000          NULL 
 76.0000    2    4.000   1.0000          x2c1
 80.0000    0    8.000   1.0000          NULL 
 88.0000    4    4.000   1.0000          x2c2
 92.0000    0   10.000   1.0000          NULL 
102.0000    3    4.000   1.0000          x1c2
106.0000    0    2.000   1.0000          NULL 
108.0000    2    4.000   1.0000          x2c1
112.0000    0   12.000   1.0000          NULL 
124.0000    4    4.000   1.0000          x2c2
128.0000    0    8.000   1.0000          NULL 
136.0000    2    4.000   1.0000          x2c1
140.0000    0   14.000   1.0000          NULL 
154.0000    3    4.000   1.0000          x1c2
158.0000    0    4.000   1.0000          NULL 
162.0000    4    4.000   1.0000          x2c2
166.0000    0    2.000   1.0000          NULL 
168.0000    4    4.000   1.0000          x2c2
172.0000    0   10.000   1.0000          NULL 
182.0000    1    4.000   1.0000          x1c1
186.0000    0   10.000   1.0000          NULL 
196.0000    1    4.000   1.0000          x1c1
200.0000    0    4.000   1.0000          NULL 
204.0000    3    4.000   1.0000          x1c2
208.0000    0    2.000   1.0000          NULL 
210.0000    4    4.000   1.0000          x2c2
214.0000    0    8.000   1.0000          NULL 
222.0000    1    4.000   1.0000          x1c1
226.0000    0   14.000   1.0000          NULL 
