  0.0000    1    4.000   1.0000          x1c1
  4.0000    0   12.000   1.0000          NULL 
 16.0000    1    4.000   1.0000          x1c1
 20.0000    0    8.000   1.0000          NULL 
 28.0000    4    4.000   1.0000          x2c2
 32.0000    0    6.000   1.0000          NULL 
 38.0000    2    4.000   1.0000          x2c1
 42.0000    0    6.000   1.0000          NULL 
 48.0000    4    4.000   1.0000          x2c2
 52.0000    0    8.000   1.0000          NULL 
 60.0000    3    4.000   1.0000          x1c2
 64.0000    0    8.000   1.0000          NULL 
 72.0000    2    4.000   1.0000          x2c1
 76.0000    0    6.000   1.0000          NULL 
 82.0000    3    4.000   1.0000          x1c2
 86.0000    0    4.000   1.0000          NULL 
 90.0000    3    4.000   1.0000          x1c2
 94.0000    0   10.000   1.0000          NULL 
104.0000    3    4.000   1.0000          x1c2
108.0000    0    8.000   1.0000          NULL 
116.0000    3    4.000   1.0000          x1c2
120.0000    0    4.000   1.0000          NULL 
124.0000    4    4.000   1.0000          x2c2
128.0000    0    8.000   1.0000          NULL 
136.0000    1    4.000   1.0000          x1c1
140.0000    0   10.000   1.0000          NULL 
150.0000    2    4.000   1.0000          x2c1
154.0000    0   12.000   1.0000          NULL 
166.0000    1    4.000   1.0000          x1c1
170.0000    0    4.000   1.0000          NULL 
174.0000    4    4.000   1.0000          x2c2
178.0000    0   10.000   1.0000          NULL 
188.0000    1    4.000   1.0000          x1c1
192.0000    0    4.000   1.0000          NULL 
196.0000    4    4.000   1.0000          x2c2
200.0000    0    8.000   1.0000          NULL 
208.0000    2    4.000   1.0000          x2c1
212.0000    0   12.000   1.0000          NULL 
224.0000    2    4.000   1.0000          x2c1
228.0000    0   12.000   1.0000          NULL 
