  0.0000    2    4.000   1.0000          x2c1
  4.0000    0    8.000   1.0000          NULL 
 12.0000    2    4.000   1.0000          x2c1
 16.0000    0    2.000   1.0000          NULL 
 18.0000    1    4.000   1.0000          x1c1
 22.0000    0    4.000   1.0000          NULL 
 26.0000    3    4.000   1.0000          x1c2
 30.0000    0   12.000   1.0000          NULL 
 42.0000    2    4.000   1.0000          x2c1
 46.0000    0    6.000   1.0000          NULL 
 52.0000    1    4.000   1.0000          x1c1
 56.0000    0    2.000   1.0000          NULL 
 58.0000    2    4.000   1.0000          x2c1
 62.0000    0   12.000   1.0000          NULL 
 74.0000    3    4.000   1.0000          x1c2
 78.0000    0    2.000   1.0000          NULL 
 80.0000    1    4.000   1.0000          x1c1
 84.0000    0    8.000   1.0000          NULL 
 92.0000    2    4.000   1.0000          x2c1
 96.0000    0    6.000   1.0000          NULL 
102.0000    3    4.000   1.0000          x1c2
106.0000    0   12.000   1.0000          NULL 
118.0000    1    4.000   1.0000          x1c1
122.0000    0   12.000   1.0000          NULL 
134.0000    4    4.000   1.0000          x2c2
138.0000    0    6.000   1.0000          NULL 
144.0000    3    4.000   1.0000          x1c2
148.0000    0    8.000   1.0000          NULL 
156.0000    1    4.000   1.0000          x1c1
160.0000    0   12.000   1.0000          NULL 
172.0000    4    4.000   1.0000          x2c2
176.0000    0   10.000   1.0000          NULL 
186.0000    3    4.000   1.0000          x1c2
190.0000    0   14.000   1.0000          NULL 
204.0000    4    4.000   1.0000          x2c2
208.0000    0    4.000   1.0000          NULL 
212.0000    4    4.000   1.0000          x2c2
216.0000    0    6.000   1.0000          NULL 
222.0000    4    4.000   1.0000          x2c2
226.0000    0   14.000   1.0000          NULL 
