  0.0000    3    4.000   1.0000          x1c2
  4.0000    0    8.000   1.0000          NULL 
 12.0000    3    4.000   1.0000          x1c2
 16.0000    0    8.000   1.0000          NULL 
 24.0000    4    4.000   1.0000          x2c2
 28.0000    0    2.000   1.0000          NULL 
 30.0000    3    4.000   1.0000          x1c2
 34.0000    0    4.000   1.0000          NULL 
 38.0000    2    4.000   1.0000          x2c1
 42.0000    0    6.000   1.0000          NULL 
 48.0000    4    4.000   1.0000          x2c2
 52.0000    0    4.000   1.0000          NULL 
 56.0000    1    4.000   1.0000          x1c1
 60.0000    0    6.000   1.0000          NULL 
 66.0000    2    4.000   1.0000          x2c1
 70.0000    0   12.000   1.0000          NULL 
 82.0000    1    4.000   1.0000          x1c1
 86.0000    0   14.000   1.0000          NULL 
100.0000    1    4.000   1.0000          x1c1
104.0000    0    6.000   1.0000          NULL 
110.0000    3    4.000   1.0000          x1c2
114.0000    0    2.000   1.0000          NULL 
116.0000    2    4.000   1.0000          x2c1
120.0000    0    8.000   1.0000          NULL 
128.0000    2    4.000   1.0000          x2c1
132.0000    0   12.000   1.0000          NULL 
144.0000    2    4.000   1.0000          x2c1
148.0000    0    4.000   1.0000          NULL 
152.0000    4    4.000   1.0000          x2c2
156.0000    0    6.000   1.0000          NULL 
162.0000    4    4.000   1.0000          x2c2
166.0000    0   14.000   1.0000          NULL 
180.0000    3    4.000   1.0000          x1c2
184.0000    0   12.000   1.0000          NULL 
196.0000    1    4.000   1.0000          x1c1
200.0000    0   14.000   1.0000          NULL 
214.0000    1    4.000   1.0000          x1c1
218.0000    0    8.000   1.0000          NULL 
226.0000    4    4.000   1.0000          x2c2
230.0000    0   10.000   1.0000          NULL 
