  0.0000    4    4.000   1.0000          x2c2
  4.0000    0    6.000   1.0000          NULL 
 10.0000    1    4.000   1.0000          x1c1
 14.0000    0   12.000   1.0000          NULL 
 26.0000    3    4.000   1.0000          x1c2
 30.0000    0    8.000   1.0000          NULL 
 38.0000    1    4.000   1.0000          x1c1
 42.0000    0   14.000   1.0000          NULL 
 56.0000    2    4.000   1.0000          x2c1
 60.0000    0   10.000   1.0000          NULL 
 70.0000    3    4.000   1.0000          x1c2
 74.0000    0    6.000   1.0000          NULL 
 80.0000    3    4.000   1.0000          x1c2
 84.0000    0    8.000   1.0000          NULL 
 92.0000    4    4.000   1.0000          x2c2
 96.0000    0   10.000   1.0000          NULL 
106.0000    4    4.000   1.0000          x2c2
110.0000    0   12.000   1.0000          NULL 
122.0000    1    4.000   1.0000          x1c1
126.0000    0   10.000   1.0000          NULL 
136.0000    2    4.000   1.0000          x2c1
140.0000    0    6.000   1.0000          NULL 
146.0000    4    4.000   1.0000          x2c2
150.0000    0    6.000   1.0000          NULL 
156.0000    3    4.000   1.0000          x1c2
160.0000    0    2.000   1.0000          NULL 
162.0000    2    4.000   1.0000          x2c1
166.0000    0    8.000   1.0000          NULL 
174.0000    1    4.000   1.0000          x1c1
178.0000    0    8.000   1.0000          NULL 
186.0000    2    4.000   1.0000          x2c1
190.0000    0    8.000   1.0000          NULL 
198.0000    3    4.000   1.0000          x1c2
202.0000    0    2.000   1.0000          NULL 
204.0000    1    4.000   1.0000          x1c1
208.0000    0   10.000   1.0000          NULL 
218.0000    4    4.000   1.0000          x2c2
222.0000    0    4.000   1.0000          NULL 
226.0000    2    4.000   1.0000          x2c1
230.0000    0   10.000   1.0000          NULL 
