  0.0000    2    4.000   1.0000          x2c1
  4.0000    0    8.000   1.0000          NULL 
 12.0000    4    4.000   1.0000          x2c2
 16.0000    0    8.000   1.0000          NULL 
 24.0000    2    4.000   1.0000          x2c1
 28.0000    0    8.000   1.0000          NULL 
 36.0000    3    4.000   1.0000          x1c2
 40.0000    0    8.000   1.0000          NULL 
 48.0000    3    4.000   1.0000          x1c2
 52.0000    0    4.000   1.0000          NULL 
 56.0000    3    4.000   1.0000          x1c2
 60.0000    0    6.000   1.0000          NULL 
 66.0000    1    4.000   1.0000          x1c1
 70.0000    0    6.000   1.0000          NULL 
 76.0000    2    4.000   1.0000          x2c1
 80.0000    0    4.000   1.0000          NULL 
 84.0000    1    4.000   1.0000          x1c1
 88.0000    0    4.000   1.0000          NULL 
 92.0000    4    4.000   1.0000          x2c2
 96.0000    0   14.000   1.0000          NULL 
110.0000    1    4.000   1.0000          x1c1
114.0000    0    6.000   1.0000          NULL 
120.0000    4    4.000   1.0000          x2c2
124.0000    0   12.000   1.0000          NULL 
136.0000    1    4.000   1.0000          x1c1
140.0000    0    4.000   1.0000          NULL 
144.0000    3    4.000   1.0000          x1c2
148.0000    0    8.000   1.0000          NULL 
156.0000    2    4.000   1.0000          x2c1
160.0000    0   10.000   1.0000          NULL 
170.0000    4    4.000   1.0000          x2c2
174.0000    0   12.000   1.0000          NULL 
186.0000    2    4.000   1.0000          x2c1
190.0000    0    4.000   1.0000          NULL 
194.0000    4    4.000   1.0000          x2c2
198.0000    0   10.000   1.0000          NULL 
208.0000    3    4.000   1.0000          x1c2
212.0000    0    8.000   1.0000          NULL 
220.0000    1    4.000   1.0000          x1c1
224.0000    0   16.000   1.0000          NULL 
