  0.0000    2    4.000   1.0000          x2c1
  4.0000    0    6.000   1.0000          NULL 
 10.0000    2    4.000   1.0000          x2c1
 14.0000    0   14.000   1.0000          NULL 
 28.0000    4    4.000   1.0000          x2c2
 32.0000    0    6.000   1.0000          NULL 
 38.0000    2    4.000   1.0000          x2c1
 42.0000    0   12.000   1.0000          NULL 
 54.0000    3    4.000   1.0000          x1c2
 58.0000    0   12.000   1.0000          NULL 
 70.0000    4    4.000   1.0000          x2c2
 74.0000    0   12.000   1.0000          NULL 
 86.0000    1    4.000   1.0000          x1c1
 90.0000    0    2.000   1.0000          NULL 
 92.0000    1    4.000   1.0000          x1c1
 96.0000    0    8.000   1.0000          NULL 
104.0000    3    4.000   1.0000          x1c2
108.0000    0    8.000   1.0000          NULL 
116.0000    2    4.000   1.0000          x2c1
120.0000    0   10.000   1.0000          NULL 
130.0000    3    4.000   1.0000          x1c2
134.0000    0    8.000   1.0000          NULL 
142.0000    4    4.000   1.0000          x2c2
146.0000    0    4.000   1.0000          NULL 
150.0000    3    4.000   1.0000          x1c2
154.0000    0    2.000   1.0000          NULL 
156.0000    4    4.000   1.0000          x2c2
160.0000    0    4.000   1.0000          NULL 
164.0000    1    4.000   1.0000          x1c1
168.0000    0   12.000   1.0000          NULL 
180.0000    4    4.000   1.0000          x2c2
184.0000    0    6.000   1.0000          NULL 
190.0000    3    4.000   1.0000          x1c2
194.0000    0    4.000   1.0000          NULL 
198.0000    2    4.000   1.0000          x2c1
202.0000    0   12.000   1.0000          NULL 
214.0000    1    4.000   1.0000          x1c1
218.0000    0    6.000   1.0000          NULL 
224.0000    1    4.000   1.0000          x1c1
228.0000    0   12.000   1.0000          NULL 
