  0.0000    1    4.000   1.0000          x1c1
  4.0000    0    4.000   1.0000          NULL 
  8.0000    1    4.000   1.0000          x1c1
 12.0000    0   12.000   1.0000          NULL 
 24.0000    2    4.000   1.0000          x2c1
 28.0000    0    4.000   1.0000          NULL 
 32.0000    4    4.000   1.0000          x2c2
 36.0000    0   12.000   1.0000          NULL 
 48.0000    1    4.000   1.0000          x1c1
 52.0000    0    8.000   1.0000          NULL 
 60.0000    3    4.000   1.0000          x1c2
 64.0000    0    6.000   1.0000          NULL 
 70.0000    1    4.000   1.0000          x1c1
 74.0000    0    6.000   1.0000          NULL 
 80.0000    4    4.000   1.0000          x2c2
 84.0000    0    2.000   1.0000          NULL 
 86.0000    2    4.000   1.0000          x2c1
 90.0000    0    6.000   1.0000          NULL 
 96.0000    4    4.000   1.0000          x2c2
100.0000    0   10.000   1.0000          NULL 
110.0000    3    4.000   1.0000          x1c2
114.0000    0    2.000   1.0000          NULL 
116.0000    1    4.000   1.0000          x1c1
120.0000    0   10.000   1.0000          NULL 
130.0000    4    4.000   1.0000          x2c2
134.0000    0    2.000   1.0000          NULL 
136.0000    3    4.000   1.0000          x1c2
140.0000    0   10.000   1.0000          NULL 
150.0000    3    4.000   1.0000          x1c2
154.0000    0   14.000   1.0000          NULL 
168.0000    2    4.000   1.0000          x2c1
172.0000    0    8.000   1.0000          NULL 
180.0000    4    4.000   1.0000          x2c2
184.0000    0    8.000   1.0000          NULL 
192.0000    3    4.000   1.0000          x1c2
196.0000    0   10.000   1.0000          NULL 
206.0000    2    4.000   1.0000          x2c1
210.0000    0    6.000   1.0000          NULL 
216.0000    2    4.000   1.0000          x2c1
220.0000    0   20.000   1.0000          NULL 
