  0.0000    4    4.000   1.0000          x2c2
  4.0000    0   10.000   1.0000          NULL 
 14.0000    1    4.000   1.0000          x1c1
 18.0000    0    8.000   1.0000          NULL 
 26.0000    1    4.000   1.0000          x1c1
 30.0000    0   14.000   1.0000          NULL 
 44.0000    2    4.000   1.0000          x2c1
 48.0000    0    8.000   1.0000          NULL 
 56.0000    2    4.000   1.0000          x2c1
 60.0000    0    6.000   1.0000          NULL 
 66.0000    1    4.000   1.0000          x1c1
 70.0000    0   10.000   1.0000          NULL 
 80.0000    1    4.000   1.0000          x1c1
 84.0000    0    6.000   1.0000          NULL 
 90.0000    4    4.000   1.0000          x2c2
 94.0000    0    6.000   1.0000          NULL 
100.0000    2    4.000   1.0000          x2c1
104.0000    0    4.000   1.0000          NULL 
108.0000    3    4.000   1.0000          x1c2
112.0000    0   12.000   1.0000          NULL 
124.0000    3    4.000   1.0000          x1c2
128.0000    0   12.000   1.0000          NULL 
140.0000    2    4.000   1.0000          x2c1
144.0000    0    8.000   1.0000          NULL 
152.0000    2    4.000   1.0000          x2c1
156.0000    0    2.000   1.0000          NULL 
158.0000    3    4.000   1.0000          x1c2
162.0000    0    2.000   1.0000          NULL 
164.0000    1    4.000   1.0000          x1c1
168.0000    0   12.000   1.0000          NULL 
180.0000    4    4.000   1.0000          x2c2
184.0000    0    6.000   1.0000          NULL 
190.0000    4    4.000   1.0000          x2c2
194.0000    0   14.000   1.0000          NULL 
208.0000    3    4.000   1.0000          x1c2
212.0000    0    4.000   1.0000          NULL 
216.0000    3    4.000   1.0000          x1c2
220.0000    0    4.000   1.0000          NULL 
224.0000    4    4.000   1.0000          x2c2
228.0000    0   12.000   1.0000          NULL 
