  0.0000    3    4.000   1.0000          x1c2
  4.0000    0    6.000   1.0000          NULL 
 10.0000    2    4.000   1.0000          x2c1
 14.0000    0   12.000   1.0000          NULL 
 26.0000    4    4.000   1.0000          x2c2
 30.0000    0    8.000   1.0000          NULL 
 38.0000    3    4.000   1.0000          x1c2
 42.0000    0    2.000   1.0000          NULL 
 44.0000    2    4.000   1.0000          x2c1
 48.0000    0    4.000   1.0000          NULL 
 52.0000    3    4.000   1.0000          x1c2
 56.0000    0   14.000   1.0000          NULL 
 70.0000    2    4.000   1.0000          x2c1
 74.0000    0    2.000   1.0000          NULL 
 76.0000    2    4.000   1.0000          x2c1
 80.0000    0    6.000   1.0000          NULL 
 86.0000    3    4.000   1.0000          x1c2
 90.0000    0   10.000   1.0000          NULL 
100.0000    4    4.000   1.0000          x2c2
104.0000    0    6.000   1.0000          NULL 
110.0000    1    4.000   1.0000          x1c1
114.0000    0   10.000   1.0000          NULL 
124.0000    1    4.000   1.0000          x1c1
128.0000    0   10.000   1.0000          NULL 
138.0000    1    4.000   1.0000          x1c1
142.0000    0    4.000   1.0000          NULL 
146.0000    2    4.000   1.0000          x2c1
150.0000    0   10.000   1.0000          NULL 
160.0000    4    4.000   1.0000          x2c2
164.0000    0   10.000   1.0000          NULL 
174.0000    3    4.000   1.0000          x1c2
178.0000    0   10.000   1.0000          NULL 
188.0000    1    4.000   1.0000          x1c1
192.0000    0    6.000   1.0000          NULL 
198.0000    4    4.000   1.0000          x2c2
202.0000    0    8.000   1.0000          NULL 
210.0000    1    4.000   1.0000          x1c1
214.0000    0    4.000   1.0000          NULL 
218.0000    4    4.000   1.0000          x2c2
222.0000    0   18.000   1.0000          NULL 
