  0.0000    2    4.000   1.0000          x2c1
  4.0000    0   12.000   1.0000          NULL 
 16.0000    4    4.000   1.0000          x2c2
 20.0000    0   10.000   1.0000          NULL 
 30.0000    1    4.000   1.0000          x1c1
 34.0000    0    4.000   1.0000          NULL 
 38.0000    4    4.000   1.0000          x2c2
 42.0000    0   10.000   1.0000          NULL 
 52.0000    2    4.000   1.0000          x2c1
 56.0000    0    6.000   1.0000          NULL 
 62.0000    3    4.000   1.0000          x1c2
 66.0000    0    8.000   1.0000          NULL 
 74.0000    2    4.000   1.0000          x2c1
 78.0000    0    2.000   1.0000          NULL 
 80.0000    4    4.000   1.0000          x2c2
 84.0000    0    8.000   1.0000          NULL 
 92.0000    1    4.000   1.0000          x1c1
 96.0000    0   14.000   1.0000          NULL 
110.0000    1    4.000   1.0000          x1c1
114.0000    0    6.000   1.0000          NULL 
120.0000    3    4.000   1.0000          x1c2
124.0000    0    4.000   1.0000          NULL 
128.0000    2    4.000   1.0000          x2c1
132.0000    0   10.000   1.0000          NULL 
142.0000    3    4.000   1.0000          x1c2
146.0000    0    2.000   1.0000          NULL 
148.0000    1    4.000   1.0000          x1c1
152.0000    0    8.000   1.0000          NULL 
160.0000    4    4.000   1.0000          x2c2
164.0000    0    6.000   1.0000          NULL 
170.0000    3    4.000   1.0000          x1c2
174.0000    0    4.000   1.0000          NULL 
178.0000    3    4.000   1.0000          x1c2
182.0000    0   12.000   1.0000          NULL 
194.0000    2    4.000   1.0000          x2c1
198.0000    0   14.000   1.0000          NULL 
212.0000    1    4.000   1.0000          x1c1
216.0000    0    8.000   1.0000          NULL 
224.0000    4    4.000   1.0000          x2c2
228.0000    0   12.000   1.0000          NULL 
