  0.0000    1    4.000   1.0000          x1c1
  4.0000    0    6.000   1.0000          NULL 
 10.0000    3    4.000   1.0000          x1c2
 14.0000    0   10.000   1.0000          NULL 
 24.0000    2    4.000   1.0000          x2c1
 28.0000    0   10.000   1.0000          NULL 
 38.0000    3    4.000   1.0000          x1c2
 42.0000    0   10.000   1.0000          NULL 
 52.0000    4    4.000   1.0000          x2c2
 56.0000    0    2.000   1.0000          NULL 
 58.0000    4    4.000   1.0000          x2c2
 62.0000    0    8.000   1.0000          NULL 
 70.0000    2    4.000   1.0000          x2c1
 74.0000    0   12.000   1.0000          NULL 
 86.0000    1    4.000   1.0000          x1c1
 90.0000    0    2.000   1.0000          NULL 
 92.0000    1    4.000   1.0000          x1c1
 96.0000    0    2.000   1.0000          NULL 
 98.0000    2    4.000   1.0000          x2c1
102.0000    0    2.000   1.0000          NULL 
104.0000    2    4.000   1.0000          x2c1
108.0000    0    4.000   1.0000          NULL 
112.0000    4    4.000   1.0000          x2c2
116.0000    0   10.000   1.0000          NULL 
126.0000    4    4.000   1.0000          x2c2
130.0000    0   12.000   1.0000          NULL 
142.0000    4    4.000   1.0000          x2c2
146.0000    0   12.000   1.0000          NULL 
158.0000    3    4.000   1.0000          x1c2
162.0000    0    8.000   1.0000          NULL 
170.0000    1    4.000   1.0000          x1c1
174.0000    0   12.000   1.0000          NULL 
186.0000    2    4.000   1.0000          x2c1
190.0000    0   10.000   1.0000          NULL 
200.0000    1    4.000   1.0000          x1c1
204.0000    0   10.000   1.0000          NULL 
214.0000    3    4.000   1.0000          x1c2
218.0000    0    8.000   1.0000          NULL 
226.0000    3    4.000   1.0000          x1c2
230.0000    0   10.000   1.0000          NULL 
