  0.0000    1    4.000   1.0000          x1c1
  4.0000    0    2.000   1.0000          NULL 
  6.0000    2    4.000   1.0000          x2c1
 10.0000    0   12.000   1.0000          NULL 
 22.0000    3    4.000   1.0000          x1c2
 26.0000    0    6.000   1.0000          NULL 
 32.0000    1    4.000   1.0000          x1c1
 36.0000    0   10.000   1.0000          NULL 
 46.0000    2    4.000   1.0000          x2c1
 50.0000    0   12.000   1.0000          NULL 
 62.0000    1    4.000   1.0000          x1c1
 66.0000    0    6.000   1.0000          NULL 
 72.0000    1    4.000   1.0000          x1c1
 76.0000    0    4.000   1.0000          NULL 
 80.0000    4    4.000   1.0000          x2c2
 84.0000    0    4.000   1.0000          NULL 
 88.0000    4    4.000   1.0000          x2c2
 92.0000    0    8.000   1.0000          NULL 
100.0000    1    4.000   1.0000          x1c1
104.0000    0    6.000   1.0000          NULL 
110.0000    2    4.000   1.0000          x2c1
114.0000    0   14.000   1.0000          NULL 
128.0000    3    4.000   1.0000          x1c2
132.0000    0    2.000   1.0000          NULL 
134.0000    3    4.000   1.0000          x1c2
138.0000    0    6.000   1.0000          NULL 
144.0000    3    4.000   1.0000          x1c2
148.0000    0    6.000   1.0000          NULL 
154.0000    2    4.000   1.0000          x2c1
158.0000    0    8.000   1.0000          NULL 
166.0000    4    4.000   1.0000          x2c2
170.0000    0   10.000   1.0000          NULL 
180.0000    4    4.000   1.0000          x2c2
184.0000    0   10.000   1.0000          NULL 
194.0000    3    4.000   1.0000          x1c2
198.0000    0   10.000   1.0000          NULL 
208.0000    4    4.000   1.0000          x2c2
212.0000    0    8.000   1.0000          NULL 
220.0000    2    4.000   1.0000          x2c1
224.0000    0   16.000   1.0000          NULL 
