  0.0000    4    4.000   1.0000          x2c2
  4.0000    0    6.000   1.0000          NULL 
 10.0000    1    4.000   1.0000          x1c1
 14.0000    0    8.000   1.0000          NULL 
 22.0000    1    4.000   1.0000          x1c1
 26.0000    0    8.000   1.0000          NULL 
 34.0000    3    4.000   1.0000          x1c2
 38.0000    0    6.000   1.0000          NULL 
 44.0000    2    4.000   1.0000          x2c1
 48.0000    0    2.000   1.0000          NULL 
 50.0000    4    4.000   1.0000          x2c2
 54.0000    0   10.000   1.0000          NULL 
 64.0000    1    4.000   1.0000          x1c1
 68.0000    0   12.000   1.0000          NULL 
 80.0000    4    4.000   1.0000          x2c2
 84.0000    0    6.000   1.0000          NULL 
 90.0000    2    4.000   1.0000          x2c1
 94.0000    0   14.000   1.0000          NULL 
108.0000    1    4.000   1.0000          x1c1
112.0000    0   10.000   1.0000          NULL 
122.0000    3    4.000   1.0000          x1c2
126.0000    0    2.000   1.0000          NULL 
128.0000    1    4.000   1.0000          x1c1
132.0000    0    6.000   1.0000          NULL 
138.0000    2    4.000   1.0000          x2c1
142.0000    0    4.000   1.0000          NULL 
146.0000    2    4.000   1.0000          x2c1
150.0000    0   12.000   1.0000          NULL 
162.0000    3    4.000   1.0000          x1c2
166.0000    0   14.000   1.0000          NULL 
180.0000    4    4.000   1.0000          x2c2
184.0000    0   12.000   1.0000          NULL 
196.0000    4    4.000   1.0000          x2c2
200.0000    0    4.000   1.0000          NULL 
204.0000    2    4.000   1.0000          x2c1
208.0000    0    8.000   1.0000          NULL 
216.0000    3    4.000   1.0000          x1c2
220.0000    0    6.000   1.0000          NULL 
226.0000    3    4.000   1.0000          x1c2
230.0000    0   10.000   1.0000          NULL 
