  0.0000    3    4.000   1.0000          x1c2
  4.0000    0   14.000   1.0000          NULL 
 18.0000    2    4.000   1.0000          x2c1
 22.0000    0    4.000   1.0000          NULL 
 26.0000    1    4.000   1.0000          x1c1
 30.0000    0    8.000   1.0000          NULL 
 38.0000    1    4.000   1.0000          x1c1
 42.0000    0    4.000   1.0000          NULL 
 46.0000    4    4.000   1.0000          x2c2
 50.0000    0    8.000   1.0000          NULL 
 58.0000    1    4.000   1.0000          x1c1
 62.0000    0    2.000   1.0000          NULL 
 64.0000    3    4.000   1.0000          x1c2
 68.0000    0    8.000   1.0000          NULL 
 76.0000    4    4.000   1.0000          x2c2
 80.0000    0   12.000   1.0000          NULL 
 92.0000    3    4.000   1.0000          x1c2
 96.0000    0    8.000   1.0000          NULL 
104.0000    3    4.000   1.0000          x1c2
108.0000    0   10.000   1.0000          NULL 
118.0000    2    4.000   1.0000          x2c1
122.0000    0    8.000   1.0000          NULL 
130.0000    2    4.000   1.0000          x2c1
134.0000    0    8.000   1.0000          NULL 
142.0000    1    4.000   1.0000          x1c1
146.0000    0    2.000   1.0000          NULL 
148.0000    1    4.000   1.0000          x1c1
152.0000    0   10.000   1.0000          NULL 
162.0000    4    4.000   1.0000          x2c2
166.0000    0   10.000   1.0000          NULL 
176.0000    4    4.000   1.0000          x2c2
180.0000    0   10.000   1.0000          NULL 
190.0000    2    4.000   1.0000          x2c1
194.0000    0    2.000   1.0000          NULL 
196.0000    4    4.000   1.0000          x2c2
200.0000    0    2.000   1.0000          NULL 
202.0000    3    4.000   1.0000          x1c2
206.0000    0   12.000   1.0000          NULL 
218.0000    2    4.000   1.0000          x2c1
222.0000    0   18.000   1.0000          NULL 
