  0.0000    3    4.000   1.0000          x1c2
  4.0000    0    2.000   1.0000          NULL 
  6.0000    2    4.000   1.0000          x2c1
 10.0000    0   12.000   1.0000          NULL 
 22.0000    2    4.000   1.0000          x2c1
 26.0000    0    4.000   1.0000          NULL 
 30.0000    2    4.000   1.0000          x2c1
 34.0000    0   10.000   1.0000          NULL 
 44.0000    1    4.000   1.0000          x1c1
 48.0000    0    2.000   1.0000          NULL 
 50.0000    2    4.000   1.0000          x2c1
 54.0000    0    2.000   1.0000          NULL 
 56.0000    3    4.000   1.0000          x1c2
 60.0000    0    8.000   1.0000          NULL 
 68.0000    2    4.000   1.0000          x2c1
 72.0000    0   14.000   1.0000          NULL 
 86.0000    4    4.000   1.0000          x2c2
 90.0000    0    8.000   1.0000          NULL 
 98.0000    4    4.000   1.0000          x2c2
102.0000    0    8.000   1.0000          NULL 
110.0000    4    4.000   1.0000          x2c2
114.0000    0   10.000   1.0000          NULL 
124.0000    3    4.000   1.0000          x1c2
128.0000    0    6.000   1.0000          NULL 
134.0000    3    4.000   1.0000          x1c2
138.0000    0   12.000   1.0000          NULL 
150.0000    4    4.000   1.0000          x2c2
154.0000    0   12.000   1.0000          NULL 
166.0000    1    4.000   1.0000          x1c1
170.0000    0   10.000   1.0000          NULL 
180.0000    4    4.000   1.0000          x2c2
184.0000    0    8.000   1.0000          NULL 
192.0000    1    4.000   1.0000          x1c1
196.0000    0    2.000   1.0000          NULL 
198.0000    3    4.000   1.0000          x1c2
202.0000    0   10.000   1.0000          NULL 
212.0000    1    4.000   1.0000          x1c1
216.0000    0   10.000   1.0000          NULL 
226.0000    1    4.000   1.0000          x1c1
230.0000    0   10.000   1.0000          NULL 
