  0.0000    3    4.000   1.0000          x1c2
  4.0000    0   10.000   1.0000          NULL 
 14.0000    1    4.000   1.0000          x1c1
 18.0000    0    6.000   1.0000          NULL 
 24.0000    3    4.000   1.0000          x1c2
 28.0000    0    4.000   1.0000          NULL 
 32.0000    4    4.000   1.0000          x2c2
 36.0000    0    8.000   1.0000          NULL 
 44.0000    4    4.000   1.0000          x2c2
 48.0000    0    8.000   1.0000          NULL 
 56.0000    2    4.000   1.0000          x2c1
 60.0000    0    8.000   1.0000          NULL 
 68.0000    4    4.000   1.0000          x2c2
 72.0000    0   12.000   1.0000          NULL 
 84.0000    2    4.000   1.0000          x2c1
 88.0000    0    8.000   1.0000          NULL 
 96.0000    2    4.000   1.0000          x2c1
100.0000    0    4.000   1.0000          NULL 
104.0000    1    4.000   1.0000          x1c1
108.0000    0    4.000   1.0000          NULL 
112.0000    4    4.000   1.0000          x2c2
116.0000    0    8.000   1.0000          NULL 
124.0000    3    4.000   1.0000          x1c2
128.0000    0    8.000   1.0000          NULL 
136.0000    2    4.000   1.0000          x2c1
140.0000    0    4.000   1.0000          NULL 
144.0000    3    4.000   1.0000          x1c2
148.0000    0   14.000   1.0000          NULL 
162.0000    1    4.000   1.0000          x1c1
166.0000    0   14.000   1.0000          NULL 
180.0000    1    4.000   1.0000          x1c1
184.0000    0   10.000   1.0000          NULL 
194.0000    2    4.000   1.0000          x2c1
198.0000    0    8.000   1.0000          NULL 
206.0000    1    4.000   1.0000          x1c1
210.0000    0    6.000   1.0000          NULL 
216.0000    3    4.000   1.0000          x1c2
220.0000    0    2.000   1.0000          NULL 
222.0000    4    4.000   1.0000          x2c2
226.0000    0   14.000   1.0000          NULL 
