  0.0000    1    4.000   1.0000          x1c1
  4.0000    0    8.000   1.0000          NULL 
 12.0000    4    4.000   1.0000          x2c2
 16.0000    0    6.000   1.0000          NULL 
 22.0000    1    4.000   1.0000          x1c1
 26.0000    0    6.000   1.0000          NULL 
 32.0000    2    4.000   1.0000          x2c1
 36.0000    0    2.000   1.0000          NULL 
 38.0000    2    4.000   1.0000          x2c1
 42.0000    0   14.000   1.0000          NULL 
 56.0000    3    4.000   1.0000          x1c2
 60.0000    0    8.000   1.0000          NULL 
 68.0000    4    4.000   1.0000          x2c2
 72.0000    0    2.000   1.0000          NULL 
 74.0000    3    4.000   1.0000          x1c2
 78.0000    0   14.000   1.0000          NULL 
 92.0000    4    4.000   1.0000          x2c2
 96.0000    0   14.000   1.0000          NULL 
110.0000    2    4.000   1.0000          x2c1
114.0000    0    8.000   1.0000          NULL 
122.0000    4    4.000   1.0000          x2c2
126.0000    0    6.000   1.0000          NULL 
132.0000    2    4.000   1.0000          x2c1
136.0000    0    2.000   1.0000          NULL 
138.0000    4    4.000   1.0000          x2c2
142.0000    0    8.000   1.0000          NULL 
150.0000    1    4.000   1.0000          x1c1
154.0000    0    2.000   1.0000          NULL 
156.0000    2    4.000   1.0000          x2c1
160.0000    0    8.000   1.0000          NULL 
168.0000    1    4.000   1.0000          x1c1
172.0000    0   14.000   1.0000          NULL 
186.0000    1    4.000   1.0000          x1c1
190.0000    0    8.000   1.0000          NULL 
198.0000    3    4.000   1.0000          x1c2
202.0000    0   10.000   1.0000          NULL 
212.0000    3    4.000   1.0000          x1c2
216.0000    0    6.000   1.0000          NULL 
222.0000    3    4.000   1.0000          x1c2
226.0000    0   14.000   1.0000          NULL 
