  0.0000    2    4.000   1.0000          x2c1
  4.0000    0   14.000   1.0000          NULL 
 18.0000    3    4.000   1.0000          x1c2
 22.0000    0    8.000   1.0000          NULL 
 30.0000    2    4.000   1.0000          x2c1
 34.0000    0   14.000   1.0000          NULL 
 48.0000    4    4.000   1.0000          x2c2
 52.0000    0    4.000   1.0000          NULL 
 56.0000    4    4.000   1.0000          x2c2
 60.0000    0    8.000   1.0000          NULL 
 68.0000    2    4.000   1.0000          x2c1
 72.0000    0   10.000   1.0000          NULL 
 82.0000    3    4.000   1.0000          x1c2
 86.0000    0   10.000   1.0000          NULL 
 96.0000    3    4.000   1.0000          x1c2
100.0000    0    8.000   1.0000          NULL 
108.0000    4    4.000   1.0000          x2c2
112.0000    0   10.000   1.0000          NULL 
122.0000    3    4.000   1.0000          x1c2
126.0000    0   14.000   1.0000          NULL 
140.0000    1    4.000   1.0000          x1c1
144.0000    0    6.000   1.0000          NULL 
150.0000    1    4.000   1.0000          x1c1
154.0000    0    4.000   1.0000          NULL 
158.0000    2    4.000   1.0000          x2c1
162.0000    0    4.000   1.0000          NULL 
166.0000    1    4.000   1.0000          x1c1
170.0000    0   12.000   1.0000          NULL 
182.0000    1    4.000   1.0000          x1c1
186.0000    0    8.000   1.0000          NULL 
194.0000    2    4.000   1.0000          x2c1
198.0000    0    4.000   1.0000          NULL 
202.0000    4    4.000   1.0000          x2c2
206.0000    0    4.000   1.0000          NULL 
210.0000    3    4.000   1.0000          x1c2
214.0000    0    2.000   1.0000          NULL 
216.0000    4    4.000   1.0000          x2c2
220.0000    0    4.000   1.0000          NULL 
224.0000    1    4.000   1.0000          x1c1
228.0000    0   12.000   1.0000          NULL 
