  0.0000    3    4.000   1.0000          x1c2
  4.0000    0    2.000   1.0000          NULL 
  6.0000    1    4.000   1.0000          x1c1
 10.0000    0    4.000   1.0000          NULL 
 14.0000    2    4.000   1.0000          x2c1
 18.0000    0    2.000   1.0000          NULL 
 20.0000    4    4.000   1.0000          x2c2
 24.0000    0   12.000   1.0000          NULL 
 36.0000    1    4.000   1.0000          x1c1
 40.0000    0    8.000   1.0000          NULL 
 48.0000    4    4.000   1.0000          x2c2
 52.0000    0   12.000   1.0000          NULL 
 64.0000    1    4.000   1.0000          x1c1
 68.0000    0   10.000   1.0000          NULL 
 78.0000    2    4.000   1.0000          x2c1
 82.0000    0    8.000   1.0000          NULL 
 90.0000    3    4.000   1.0000          x1c2
 94.0000    0   12.000   1.0000          NULL 
106.0000    4    4.000   1.0000          x2c2
110.0000    0   10.000   1.0000          NULL 
120.0000    3    4.000   1.0000          x1c2
124.0000    0   10.000   1.0000          NULL 
134.0000    3    4.000   1.0000          x1c2
138.0000    0    6.000   1.0000          NULL 
144.0000    3    4.000   1.0000          x1c2
148.0000    0   12.000   1.0000          NULL 
160.0000    1    4.000   1.0000          x1c1
164.0000    0    8.000   1.0000          NULL 
172.0000    4    4.000   1.0000          x2c2
176.0000    0    4.000   1.0000          NULL 
180.0000    1    4.000   1.0000          x1c1
184.0000    0    8.000   1.0000          NULL 
192.0000    2    4.000   1.0000          x2c1
196.0000    0    2.000   1.0000          NULL 
198.0000    2    4.000   1.0000          x2c1
202.0000    0    6.000   1.0000          NULL 
208.0000    4    4.000   1.0000          x2c2
212.0000    0    6.000   1.0000          NULL 
218.0000    2    4.000   1.0000          x2c1
222.0000    0   18.000   1.0000          NULL 
