  0.0000    3    4.000   1.0000          x1c2
  4.0000    0    8.000   1.0000          NULL 
 12.0000    3    4.000   1.0000          x1c2
 16.0000    0   10.000   1.0000          NULL 
 26.0000    4    4.000   1.0000          x2c2
 30.0000    0    8.000   1.0000          NULL 
 38.0000    2    4.000   1.0000          x2c1
 42.0000    0    6.000   1.0000          NULL 
 48.0000    2    4.000   1.0000          x2c1
 52.0000    0    4.000   1.0000          NULL 
 56.0000    4    4.000   1.0000          x2c2
 60.0000    0   12.000   1.0000          NULL 
 72.0000    1    4.000   1.0000          x1c1
 76.0000    0    8.000   1.0000          NULL 
 84.0000    1    4.000   1.0000          x1c1
 88.0000    0   12.000   1.0000          NULL 
100.0000    2    4.000   1.0000          x2c1
104.0000    0    6.000   1.0000          NULL 
110.0000    4    4.000   1.0000          x2c2
114.0000    0   14.000   1.0000          NULL 
128.0000    2    4.000   1.0000          x2c1
132.0000    0    4.000   1.0000          NULL 
136.0000    3    4.000   1.0000          x1c2
140.0000    0    2.000   1.0000          NULL 
142.0000    4    4.000   1.0000          x2c2
146.0000    0   12.000   1.0000          NULL 
158.0000    4    4.000   1.0000          x2c2
162.0000    0   14.000   1.0000          NULL 
176.0000    3    4.000   1.0000          x1c2
180.0000    0    4.000   1.0000          NULL 
184.0000    1    4.000   1.0000          x1c1
188.0000    0    4.000   1.0000          NULL 
192.0000    3    4.000   1.0000          x1c2
196.0000    0   10.000   1.0000          NULL 
206.0000    1    4.000   1.0000          x1c1
210.0000    0    6.000   1.0000          NULL 
216.0000    1    4.000   1.0000          x1c1
220.0000    0    6.000   1.0000          NULL 
226.0000    2    4.000   1.0000          x2c1
230.0000    0   10.000   1.0000          NULL 
