  0.0000    1    4.000   1.0000          x1c1
  4.0000    0   12.000   1.0000          NULL 
 16.0000    2    4.000   1.0000          x2c1
 20.0000    0    8.000   1.0000          NULL 
 28.0000    4    4.000   1.0000          x2c2
 32.0000    0   12.000   1.0000          NULL 
 44.0000    2    4.000   1.0000          x2c1
 48.0000    0    8.000   1.0000          NULL 
 56.0000    1    4.000   1.0000          x1c1
 60.0000    0    8.000   1.0000          NULL 
 68.0000    4    4.000   1.0000          x2c2
 72.0000    0    2.000   1.0000          NULL 
 74.0000    4    4.000   1.0000          x2c2
 78.0000    0    4.000   1.0000          NULL 
 82.0000    2    4.000   1.0000          x2c1
 86.0000    0    2.000   1.0000          NULL 
 88.0000    1    4.000   1.0000          x1c1
 92.0000    0   10.000   1.0000          NULL 
102.0000    3    4.000   1.0000          x1c2
106.0000    0   12.000   1.0000          NULL 
118.0000    4    4.000   1.0000          x2c2
122.0000    0   12.000   1.0000          NULL 
134.0000    3    4.000   1.0000          x1c2
138.0000    0    2.000   1.0000          NULL 
140.0000    3    4.000   1.0000          x1c2
144.0000    0   12.000   1.0000          NULL 
156.0000    3    4.000   1.0000          x1c2
160.0000    0    4.000   1.0000          NULL 
164.0000    2    4.000   1.0000          x2c1
168.0000    0    4.000   1.0000          NULL 
172.0000    1    4.000   1.0000          x1c1
176.0000    0    6.000   1.0000          NULL 
182.0000    2    4.000   1.0000          x2c1
186.0000    0    6.000   1.0000          NULL 
192.0000    4    4.000   1.0000          x2c2
196.0000    0   12.000   1.0000          NULL 
208.0000    3    4.000   1.0000          x1c2
212.0000    0   12.000   1.0000          NULL 
224.0000    1    4.000   1.0000          x1c1
228.0000    0   12.000   1.0000          NULL 
