  0.0000    2    4.000   1.0000          x2c1
  4.0000    0    8.000   1.0000          NULL 
 12.0000    2    4.000   1.0000          x2c1
 16.0000    0    8.000   1.0000          NULL 
 24.0000    2    4.000   1.0000          x2c1
 28.0000    0    6.000   1.0000          NULL 
 34.0000    4    4.000   1.0000          x2c2
 38.0000    0    6.000   1.0000          NULL 
 44.0000    1    4.000   1.0000          x1c1
 48.0000    0    8.000   1.0000          NULL 
 56.0000    4    4.000   1.0000          x2c2
 60.0000    0    4.000   1.0000          NULL 
 64.0000    3    4.000   1.0000          x1c2
 68.0000    0    8.000   1.0000          NULL 
 76.0000    4    4.000   1.0000          x2c2
 80.0000    0    2.000   1.0000          NULL 
 82.0000    4    4.000   1.0000          x2c2
 86.0000    0    6.000   1.0000          NULL 
 92.0000    3    4.000   1.0000          x1c2
 96.0000    0   12.000   1.0000          NULL 
108.0000    3    4.000   1.0000          x1c2
112.0000    0   14.000   1.0000          NULL 
126.0000    1    4.000   1.0000          x1c1
130.0000    0    2.000   1.0000          NULL 
132.0000    3    4.000   1.0000          x1c2
136.0000    0    8.000   1.0000          NULL 
144.0000    1    4.000   1.0000          x1c1
148.0000    0   12.000   1.0000          NULL 
160.0000    3    4.000   1.0000          x1c2
164.0000    0    6.000   1.0000          NULL 
170.0000    2    4.000   1.0000          x2c1
174.0000    0    2.000   1.0000          NULL 
176.0000    1    4.000   1.0000          x1c1
180.0000    0   12.000   1.0000          NULL 
192.0000    4    4.000   1.0000          x2c2
196.0000    0   10.000   1.0000          NULL 
206.0000    1    4.000   1.0000          x1c1
210.0000    0   14.000   1.0000          NULL 
224.0000    2    4.000   1.0000          x2c1
228.0000    0   12.000   1.0000          NULL 
