  0.0000    1    4.000   1.0000          x1c1
  4.0000    0    4.000   1.0000          NULL 
  8.0000    2    4.000   1.0000          x2c1
 12.0000    0   12.000   1.0000          NULL 
 24.0000    3    4.000   1.0000          x1c2
 28.0000    0    6.000   1.0000          NULL 
 34.0000    3    4.000   1.0000          x1c2
 38.0000    0    8.000   1.0000          NULL 
 46.0000    4    4.000   1.0000          x2c2
 50.0000    0    4.000   1.0000          NULL 
 54.0000    2    4.000   1.0000          x2c1
 58.0000    0    4.000   1.0000          NULL 
 62.0000    1    4.000   1.0000          x1c1
 66.0000    0    8.000   1.0000          NULL 
 74.0000    2    4.000   1.0000          x2c1
 78.0000    0    2.000   1.0000          NULL 
 80.0000    2    4.000   1.0000          x2c1
 84.0000    0   12.000   1.0000          NULL 
 96.0000    3    4.000   1.0000          x1c2
100.0000    0    4.000   1.0000          NULL 
104.0000    3    4.000   1.0000          x1c2
108.0000    0    8.000   1.0000          NULL 
116.0000    3    4.000   1.0000          x1c2
120.0000    0   14.000   1.0000          NULL 
134.0000    1    4.000   1.0000          x1c1
138.0000    0   14.000   1.0000          NULL 
152.0000    2    4.000   1.0000          x2c1
156.0000    0   14.000   1.0000          NULL 
170.0000    4    4.000   1.0000          x2c2
174.0000    0    8.000   1.0000          NULL 
182.0000    4    4.000   1.0000          x2c2
186.0000    0    4.000   1.0000          NULL 
190.0000    1    4.000   1.0000          x1c1
194.0000    0    4.000   1.0000          NULL 
198.0000    1    4.000   1.0000          x1c1
202.0000    0   10.000   1.0000          NULL 
212.0000    4    4.000   1.0000          x2c2
216.0000    0   10.000   1.0000          NULL 
226.0000    4    4.000   1.0000          x2c2
230.0000    0   10.000   1.0000          NULL 
