  0.0000    2    4.000   1.0000          x2c1
  4.0000    0    8.000   1.0000          NULL 
 12.0000    3    4.000   1.0000          x1c2
 16.0000    0   10.000   1.0000          NULL 
 26.0000    2    4.000   1.0000          x2c1
 30.0000    0   14.000   1.0000          NULL 
 44.0000    4    4.000   1.0000          x2c2
 48.0000    0    6.000   1.0000          NULL 
 54.0000    4    4.000   1.0000          x2c2
 58.0000    0    2.000   1.0000          NULL 
 60.0000    2    4.000   1.0000          x2c1
 64.0000    0   12.000   1.0000          NULL 
 76.0000    1    4.000   1.0000          x1c1
 80.0000    0    2.000   1.0000          NULL 
 82.0000    1    4.000   1.0000          x1c1
 86.0000    0    8.000   1.0000          NULL 
 94.0000    1    4.000   1.0000          x1c1
 98.0000    0    8.000   1.0000          NULL 
106.0000    2    4.000   1.0000          x2c1
110.0000    0    8.000   1.0000          NULL 
118.0000    4    4.000   1.0000          x2c2
122.0000    0   12.000   1.0000          NULL 
134.0000    3    4.000   1.0000          x1c2
138.0000    0    6.000   1.0000          NULL 
144.0000    4    4.000   1.0000          x2c2
148.0000    0   10.000   1.0000          NULL 
158.0000    2    4.000   1.0000          x2c1
162.0000    0   10.000   1.0000          NULL 
172.0000    3    4.000   1.0000          x1c2
176.0000    0    2.000   1.0000          NULL 
178.0000    1    4.000   1.0000          x1c1
182.0000    0    8.000   1.0000          NULL 
190.0000    3    4.000   1.0000          x1c2
194.0000    0    6.000   1.0000          NULL 
200.0000    3    4.000   1.0000          x1c2
204.0000    0    2.000   1.0000          NULL 
206.0000    4    4.000   1.0000          x2c2
210.0000    0    6.000   1.0000          NULL 
216.0000    1    4.000   1.0000          x1c1
220.0000    0   20.000   1.0000          NULL 
