  0.0000    1    4.000   1.0000          x1c1
  4.0000    0   14.000   1.0000          NULL 
 18.0000    2    4.000   1.0000          x2c1
 22.0000    0    6.000   1.0000          NULL 
 28.0000    1    4.000   1.0000          x1c1
 32.0000    0   12.000   1.0000          NULL 
 44.0000    1    4.000   1.0000          x1c1
 48.0000    0   10.000   1.0000          NULL 
 58.0000    2    4.000   1.0000          x2c1
 62.0000    0    8.000   1.0000          NULL 
 70.0000    2    4.000   1.0000          x2c1
 74.0000    0    2.000   1.0000          NULL 
 76.0000    3    4.000   1.0000          x1c2
 80.0000    0    6.000   1.0000          NULL 
 86.0000    4    4.000   1.0000          x2c2
 90.0000    0    8.000   1.0000          NULL 
 98.0000    2    4.000   1.0000          x2c1
102.0000    0   10.000   1.0000          NULL 
112.0000    3    4.000   1.0000          x1c2
116.0000    0    4.000   1.0000          NULL 
120.0000    4    4.000   1.0000          x2c2
124.0000    0   14.000   1.0000          NULL 
138.0000    1    4.000   1.0000          x1c1
142.0000    0    6.000   1.0000          NULL 
148.0000    3    4.000   1.0000          x1c2
152.0000    0    2.000   1.0000          NULL 
154.0000    4    4.000   1.0000          x2c2
158.0000    0   10.000   1.0000          NULL 
168.0000    4    4.000   1.0000          x2c2
172.0000    0   10.000   1.0000          NULL 
182.0000    3    4.000   1.0000          x1c2
186.0000    0   14.000   1.0000          NULL 
200.0000    3    4.000   1.0000          x1c2
204.0000    0    2.000   1.0000          NULL 
206.0000    2    4.000   1.0000          x2c1
210.0000    0    8.000   1.0000          NULL 
218.0000    1    4.000   1.0000          x1c1
222.0000    0    4.000   1.0000          NULL 
226.0000    4    4.000   1.0000          x2c2
230.0000    0   10.000   1.0000          NULL 
