  0.0000    1    4.000   1.0000          x1c1
  4.0000    0    6.000   1.0000          NULL 
 10.0000    4    4.000   1.0000          x2c2
 14.0000    0   12.000   1.0000          NULL 
 26.0000    2    4.000   1.0000          x2c1
 30.0000    0    2.000   1.0000          NULL 
 32.0000    3    4.000   1.0000          x1c2
 36.0000    0    2.000   1.0000          NULL 
 38.0000    2    4.000   1.0000          x2c1
 42.0000    0    8.000   1.0000          NULL 
 50.0000    1    4.000   1.0000          x1c1
 54.0000    0    2.000   1.0000          NULL 
 56.0000    3    4.000   1.0000          x1c2
 60.0000    0   14.000   1.0000          NULL 
 74.0000    4    4.000   1.0000          x2c2
 78.0000    0   10.000   1.0000          NULL 
 88.0000    1    4.000   1.0000          x1c1
 92.0000    0    6.000   1.0000          NULL 
 98.0000    2    4.000   1.0000          x2c1
102.0000    0   10.000   1.0000          NULL 
112.0000    4    4.000   1.0000          x2c2
116.0000    0    2.000   1.0000          NULL 
118.0000    3    4.000   1.0000          x1c2
122.0000    0   10.000   1.0000          NULL 
132.0000    2    4.000   1.0000          x2c1
136.0000    0    6.000   1.0000          NULL 
142.0000    3    4.000   1.0000          x1c2
146.0000    0    6.000   1.0000          NULL 
152.0000    3    4.000   1.0000          x1c2
156.0000    0   10.000   1.0000          NULL 
166.0000    2    4.000   1.0000          x2c1
170.0000    0   14.000   1.0000          NULL 
184.0000    4    4.000   1.0000          x2c2
188.0000    0   10.000   1.0000          NULL 
198.0000    1    4.000   1.0000          x1c1
202.0000    0   10.000   1.0000          NULL 
212.0000    4    4.000   1.0000          x2c2
216.0000    0   10.000   1.0000          NULL 
226.0000    1    4.000   1.0000          x1c1
230.0000    0   10.000   1.0000          NULL 
