  0.0000    2    4.000   1.0000          x2c1
  4.0000    0    2.000   1.0000          NULL 
  6.0000    3    4.000   1.0000          x1c2
 10.0000    0    4.000   1.0000          NULL 
 14.0000    3    4.000   1.0000          x1c2
 18.0000    0   10.000   1.0000          NULL 
 28.0000    2    4.000   1.0000          x2c1
 32.0000    0   12.000   1.0000          NULL 
 44.0000    4    4.000   1.0000          x2c2
 48.0000    0    6.000   1.0000          NULL 
 54.0000    2    4.000   1.0000          x2c1
 58.0000    0    2.000   1.0000          NULL 
 60.0000    1    4.000   1.0000          x1c1
 64.0000    0    6.000   1.0000          NULL 
 70.0000    4    4.000   1.0000          x2c2
 74.0000    0   10.000   1.0000          NULL 
 84.0000    1    4.000   1.0000          x1c1
 88.0000    0    2.000   1.0000          NULL 
 90.0000    1    4.000   1.0000          x1c1
 94.0000    0   12.000   1.0000          NULL 
106.0000    2    4.000   1.0000          x2c1
110.0000    0    4.000   1.0000          NULL 
114.0000    3    4.000   1.0000          x1c2
118.0000    0   14.000   1.0000          NULL 
132.0000    3    4.000   1.0000          x1c2
136.0000    0    8.000   1.0000          NULL 
144.0000    1    4.000   1.0000          x1c1
148.0000    0    8.000   1.0000          NULL 
156.0000    4    4.000   1.0000          x2c2
160.0000    0   14.000   1.0000          NULL 
174.0000    4    4.000   1.0000          x2c2
178.0000    0    8.000   1.0000          NULL 
186.0000    4    4.000   1.0000          x2c2
190.0000    0   12.000   1.0000          NULL 
202.0000    3    4.000   1.0000          x1c2
206.0000    0    8.000   1.0000          NULL 
214.0000    2    4.000   1.0000          x2c1
218.0000    0    6.000   1.0000          NULL 
224.0000    1    4.000   1.0000          x1c1
228.0000    0   12.000   1.0000          NULL 
