  0.0000    3    4.000   1.0000          x1c2
  4.0000    0   10.000   1.0000          NULL 
 14.0000    4    4.000   1.0000          x2c2
 18.0000    0    4.000   1.0000          NULL 
 22.0000    1    4.000   1.0000          x1c1
 26.0000    0    6.000   1.0000          NULL 
 32.0000    2    4.000   1.0000          x2c1
 36.0000    0   10.000   1.0000          NULL 
 46.0000    2    4.000   1.0000          x2c1
 50.0000    0   14.000   1.0000          NULL 
 64.0000    1    4.000   1.0000          x1c1
 68.0000    0   10.000   1.0000          NULL 
 78.0000    3    4.000   1.0000          x1c2
 82.0000    0   10.000   1.0000          NULL 
 92.0000    1    4.000   1.0000          x1c1
 96.0000    0   14.000   1.0000          NULL 
110.0000    1    4.000   1.0000          x1c1
114.0000    0    8.000   1.0000          NULL 
122.0000    4    4.000   1.0000          x2c2
126.0000    0    8.000   1.0000          NULL 
134.0000    4    4.000   1.0000          x2c2
138.0000    0    2.000   1.0000          NULL 
140.0000    2    4.000   1.0000          x2c1
144.0000    0    6.000   1.0000          NULL 
150.0000    1    4.000   1.0000          x1c1
154.0000    0   12.000   1.0000          NULL 
166.0000    2    4.000   1.0000          x2c1
170.0000    0    6.000   1.0000          NULL 
176.0000    2    4.000   1.0000          x2c1
180.0000    0    6.000   1.0000          NULL 
186.0000    4    4.000   1.0000          x2c2
190.0000    0    8.000   1.0000          NULL 
198.0000    3    4.000   1.0000          x1c2
202.0000    0    4.000   1.0000          NULL 
206.0000    4    4.000   1.0000          x2c2
210.0000    0    8.000   1.0000          NULL 
218.0000    3    4.000   1.0000          x1c2
222.0000    0    2.000   1.0000          NULL 
224.0000    3    4.000   1.0000          x1c2
228.0000    0   12.000   1.0000          NULL 
