  0.0000    1    4.000   1.0000          x1c1
  4.0000    0    8.000   1.0000          NULL 
 12.0000    1    4.000   1.0000          x1c1
 16.0000    0    8.000   1.0000          NULL 
 24.0000    1    4.000   1.0000          x1c1
 28.0000    0    8.000   1.0000          NULL 
 36.0000    4    4.000   1.0000          x2c2
 40.0000    0   10.000   1.0000          NULL 
 50.0000    4    4.000   1.0000          x2c2
 54.0000    0    2.000   1.0000          NULL 
 56.0000    2    4.000   1.0000          x2c1
 60.0000    0   14.000   1.0000          NULL 
 74.0000    3    4.000   1.0000          x1c2
 78.0000    0   10.000   1.0000          NULL 
 88.0000    2    4.000   1.0000          x2c1
 92.0000    0    8.000   1.0000          NULL 
100.0000    4    4.000   1.0000          x2c2
104.0000    0    8.000   1.0000          NULL 
112.0000    2    4.000   1.0000          x2c1
116.0000    0    4.000   1.0000          NULL 
120.0000    3    4.000   1.0000          x1c2
124.0000    0   12.000   1.0000          NULL 
136.0000    3    4.000   1.0000          x1c2
140.0000    0    2.000   1.0000          NULL 
142.0000    1    4.000   1.0000          x1c1
146.0000    0    6.000   1.0000          NULL 
152.0000    2    4.000   1.0000          x2c1
156.0000    0    6.000   1.0000          NULL 
162.0000    4    4.000   1.0000          x2c2
166.0000    0   10.000   1.0000          NULL 
176.0000    4    4.000   1.0000          x2c2
180.0000    0   10.000   1.0000          NULL 
190.0000    3    4.000   1.0000          x1c2
194.0000    0    4.000   1.0000          NULL 
198.0000    1    4.000   1.0000          x1c1
202.0000    0   10.000   1.0000          NULL 
212.0000    2    4.000   1.0000          x2c1
216.0000    0    8.000   1.0000          NULL 
224.0000    3    4.000   1.0000          x1c2
228.0000    0   12.000   1.0000          NULL 
