  0.0000    3    4.000   1.0000          x1c2
  4.0000    0    4.000   1.0000          NULL 
  8.0000    2    4.000   1.0000          x2c1
 12.0000    0    8.000   1.0000          NULL 
 20.0000    2    4.000   1.0000          x2c1
 24.0000    0   12.000   1.0000          NULL 
 36.0000    3    4.000   1.0000          x1c2
 40.0000    0   10.000   1.0000          NULL 
 50.0000    2    4.000   1.0000          x2c1
 54.0000    0    2.000   1.0000          NULL 
 56.0000    1    4.000   1.0000          x1c1
 60.0000    0    4.000   1.0000          NULL 
 64.0000    1    4.000   1.0000          x1c1
 68.0000    0    6.000   1.0000          NULL 
 74.0000    4    4.000   1.0000          x2c2
 78.0000    0   10.000   1.0000          NULL 
 88.0000    2    4.000   1.0000          x2c1
 92.0000    0    4.000   1.0000          NULL 
 96.0000    1    4.000   1.0000          x1c1
100.0000    0   10.000   1.0000          NULL 
110.0000    3    4.000   1.0000          x1c2
114.0000    0    4.000   1.0000          NULL 
118.0000    4    4.000   1.0000          x2c2
122.0000    0    8.000   1.0000          NULL 
130.0000    2    4.000   1.0000          x2c1
134.0000    0   10.000   1.0000          NULL 
144.0000    1    4.000   1.0000          x1c1
148.0000    0   10.000   1.0000          NULL 
158.0000    4    4.000   1.0000          x2c2
162.0000    0   10.000   1.0000          NULL 
172.0000    4    4.000   1.0000          x2c2
176.0000    0   12.000   1.0000          NULL 
188.0000    1    4.000   1.0000          x1c1
192.0000    0    8.000   1.0000          NULL 
200.0000    4    4.000   1.0000          x2c2
204.0000    0    6.000   1.0000          NULL 
210.0000    3    4.000   1.0000          x1c2
214.0000    0    4.000   1.0000          NULL 
218.0000    3    4.000   1.0000          x1c2
222.0000    0   18.000   1.0000          NULL 
