  0.0000    2    4.000   1.0000          x2c1
  4.0000    0   12.000   1.0000          NULL 
 16.0000    1    4.000   1.0000          x1c1
 20.0000    0    6.000   1.0000          NULL 
 26.0000    3    4.000   1.0000          x1c2
 30.0000    0    2.000   1.0000          NULL 
 32.0000    4    4.000   1.0000          x2c2
 36.0000    0   10.000   1.0000          NULL 
 46.0000    2    4.000   1.0000          x2c1
 50.0000    0   10.000   1.0000          NULL 
 60.0000    3    4.000   1.0000          x1c2
 64.0000    0    4.000   1.0000          NULL 
 68.0000    1    4.000   1.0000          x1c1
 72.0000    0    8.000   1.0000          NULL 
 80.0000    2    4.000   1.0000          x2c1
 84.0000    0    6.000   1.0000          NULL 
 90.0000    1    4.000   1.0000          x1c1
 94.0000    0    4.000   1.0000          NULL 
 98.0000    3    4.000   1.0000          x1c2
102.0000    0   10.000   1.0000          NULL 
112.0000    1    4.000   1.0000          x1c1
116.0000    0    8.000   1.0000          NULL 
124.0000    3    4.000   1.0000          x1c2
128.0000    0    8.000   1.0000          NULL 
136.0000    4    4.000   1.0000          x2c2
140.0000    0   14.000   1.0000          NULL 
154.0000    4    4.000   1.0000          x2c2
158.0000    0    2.000   1.0000          NULL 
160.0000    4    4.000   1.0000          x2c2
164.0000    0    4.000   1.0000          NULL 
168.0000    2    4.000   1.0000          x2c1
172.0000    0   10.000   1.0000          NULL 
182.0000    3    4.000   1.0000          x1c2
186.0000    0    8.000   1.0000          NULL 
194.0000    1    4.000   1.0000          x1c1
198.0000    0    6.000   1.0000          NULL 
204.0000    2    4.000   1.0000          x2c1
208.0000    0    4.000   1.0000          NULL 
212.0000    4    4.000   1.0000          x2c2
216.0000    0   24.000   1.0000          NULL 
