  0.0000    3    4.000   1.0000          x1c2
  4.0000    0    6.000   1.0000          NULL 
 10.0000    4    4.000   1.0000          x2c2
 14.0000    0   10.000   1.0000          NULL 
 24.0000    3    4.000   1.0000          x1c2
 28.0000    0   14.000   1.0000          NULL 
 42.0000    1    4.000   1.0000          x1c1
 46.0000    0    2.000   1.0000          NULL 
 48.0000    4    4.000   1.0000          x2c2
 52.0000    0    6.000   1.0000          NULL 
 58.0000    2    4.000   1.0000          x2c1
 62.0000    0   10.000   1.0000          NULL 
 72.0000    2    4.000   1.0000          x2c1
 76.0000    0   12.000   1.0000          NULL 
 88.0000    3    4.000   1.0000          x1c2
 92.0000    0    4.000   1.0000          NULL 
 96.0000    4    4.000   1.0000          x2c2
100.0000    0   10.000   1.0000          NULL 
110.0000    2    4.000   1.0000          x2c1
114.0000    0   10.000   1.0000          NULL 
124.0000    4    4.000   1.0000          x2c2
128.0000    0    8.000   1.0000          NULL 
136.0000    2    4.000   1.0000          x2c1
140.0000    0    4.000   1.0000          NULL 
144.0000    3    4.000   1.0000          x1c2
148.0000    0   10.000   1.0000          NULL 
158.0000    3    4.000   1.0000          x1c2
162.0000    0    6.000   1.0000          NULL 
168.0000    1    4.000   1.0000          x1c1
172.0000    0    6.000   1.0000          NULL 
178.0000    4    4.000   1.0000          x2c2
182.0000    0    2.000   1.0000          NULL 
184.0000    2    4.000   1.0000          x2c1
188.0000    0   12.000   1.0000          NULL 
200.0000    1    4.000   1.0000          x1c1
204.0000    0    6.000   1.0000          NULL 
210.0000    1    4.000   1.0000          x1c1
214.0000    0    8.000   1.0000          NULL 
222.0000    1    4.000   1.0000          x1c1
226.0000    0   14.000   1.0000          NULL 
