  0.0000    1    4.000   1.0000          x1c1
  4.0000    0    2.000   1.0000          NULL 
  6.0000    2    4.000   1.0000          x2c1
 10.0000    0   14.000   1.0000          NULL 
 24.0000    2    4.000   1.0000          x2c1
 28.0000    0   14.000   1.0000          NULL 
 42.0000    4    4.000   1.0000          x2c2
 46.0000    0    6.000   1.0000          NULL 
 52.0000    2    4.000   1.0000          x2c1
 56.0000    0    2.000   1.0000          NULL 
 58.0000    1    4.000   1.0000          x1c1
 62.0000    0   14.000   1.0000          NULL 
 76.0000    2    4.000   1.0000          x2c1
 80.0000    0    4.000   1.0000          NULL 
 84.0000    4    4.000   1.0000          x2c2
 88.0000    0   10.000   1.0000          NULL 
 98.0000    1    4.000   1.0000          x1c1
102.0000    0    6.000   1.0000          NULL 
108.0000    3    4.000   1.0000          x1c2
112.0000    0    8.000   1.0000          NULL 
120.0000    3    4.000   1.0000          x1c2
124.0000    0    8.000   1.0000          NULL 
132.0000    3    4.000   1.0000          x1c2
136.0000    0   10.000   1.0000          NULL 
146.0000    2    4.000   1.0000          x2c1
150.0000    0    8.000   1.0000          NULL 
158.0000    4    4.000   1.0000          x2c2
162.0000    0    8.000   1.0000          NULL 
170.0000    4    4.000   1.0000          x2c2
174.0000    0    2.000   1.0000          NULL 
176.0000    1    4.000   1.0000          x1c1
180.0000    0    4.000   1.0000          NULL 
184.0000    1    4.000   1.0000          x1c1
188.0000    0    8.000   1.0000          NULL 
196.0000    4    4.000   1.0000          x2c2
200.0000    0   10.000   1.0000          NULL 
210.0000    3    4.000   1.0000          x1c2
214.0000    0   12.000   1.0000          NULL 
226.0000    3    4.000   1.0000          x1c2
230.0000    0   10.000   1.0000          NULL 
