  0.0000    4    4.000   1.0000          x2c2
  4.0000    0    8.000   1.0000          NULL 
 12.0000    2    4.000   1.0000          x2c1
 16.0000    0   10.000   1.0000          NULL 
 26.0000    4    4.000   1.0000          x2c2
 30.0000    0   10.000   1.0000          NULL 
 40.0000    2    4.000   1.0000          x2c1
 44.0000    0    6.000   1.0000          NULL 
 50.0000    3    4.000   1.0000          x1c2
 54.0000    0   12.000   1.0000          NULL 
 66.0000    4    4.000   1.0000          x2c2
 70.0000    0    2.000   1.0000          NULL 
 72.0000    3    4.000   1.0000          x1c2
 76.0000    0   14.000   1.0000          NULL 
 90.0000    2    4.000   1.0000          x2c1
 94.0000    0    2.000   1.0000          NULL 
 96.0000    4    4.000   1.0000          x2c2
100.0000    0   12.000   1.0000          NULL 
112.0000    2    4.000   1.0000          x2c1
116.0000    0   10.000   1.0000          NULL 
126.0000    1    4.000   1.0000          x1c1
130.0000    0   12.000   1.0000          NULL 
142.0000    4    4.000   1.0000          x2c2
146.0000    0    6.000   1.0000          NULL 
152.0000    3    4.000   1.0000          x1c2
156.0000    0    8.000   1.0000          NULL 
164.0000    1    4.000   1.0000          x1c1
168.0000    0    8.000   1.0000          NULL 
176.0000    1    4.000   1.0000          x1c1
180.0000    0    4.000   1.0000          NULL 
184.0000    1    4.000   1.0000          x1c1
188.0000    0   10.000   1.0000          NULL 
198.0000    3    4.000   1.0000          x1c2
202.0000    0    2.000   1.0000          NULL 
204.0000    1    4.000   1.0000          x1c1
208.0000    0    2.000   1.0000          NULL 
210.0000    2    4.000   1.0000          x2c1
214.0000    0   10.000   1.0000          NULL 
224.0000    3    4.000   1.0000          x1c2
228.0000    0   12.000   1.0000          NULL 
