  0.0000    4    4.000   1.0000          x2c2
  4.0000    0   10.000   1.0000          NULL 
 14.0000    1    4.000   1.0000          x1c1
 18.0000    0   12.000   1.0000          NULL 
 30.0000    2    4.000   1.0000          x2c1
 34.0000    0    6.000   1.0000          NULL 
 40.0000    2    4.000   1.0000          x2c1
 44.0000    0    8.000   1.0000          NULL 
 52.0000    1    4.000   1.0000          x1c1
 56.0000    0    2.000   1.0000          NULL 
 58.0000    4    4.000   1.0000          x2c2
 62.0000    0    2.000   1.0000          NULL 
 64.0000    2    4.000   1.0000          x2c1
 68.0000    0    6.000   1.0000          NULL 
 74.0000    3    4.000   1.0000          x1c2
 78.0000    0    8.000   1.0000          NULL 
 86.0000    3    4.000   1.0000          x1c2
 90.0000    0    6.000   1.0000          NULL 
 96.0000    4    4.000   1.0000          x2c2
100.0000    0   10.000   1.0000          NULL 
110.0000    3    4.000   1.0000          x1c2
114.0000    0    2.000   1.0000          NULL 
116.0000    4    4.000   1.0000          x2c2
120.0000    0    8.000   1.0000          NULL 
128.0000    4    4.000   1.0000          x2c2
132.0000    0   14.000   1.0000          NULL 
146.0000    2    4.000   1.0000          x2c1
150.0000    0    4.000   1.0000          NULL 
154.0000    3    4.000   1.0000          x1c2
158.0000    0    8.000   1.0000          NULL 
166.0000    3    4.000   1.0000          x1c2
170.0000    0    4.000   1.0000          NULL 
174.0000    1    4.000   1.0000          x1c1
178.0000    0    6.000   1.0000          NULL 
184.0000    1    4.000   1.0000          x1c1
188.0000    0   14.000   1.0000          NULL 
202.0000    1    4.000   1.0000          x1c1
206.0000    0   10.000   1.0000          NULL 
216.0000    2    4.000   1.0000          x2c1
220.0000    0   20.000   1.0000          NULL 
