  0.0000    4    4.000   1.0000          x2c2
  4.0000    0   10.000   1.0000          NULL 
 14.0000    4    4.000   1.0000          x2c2
 18.0000    0    8.000   1.0000          NULL 
 26.0000    4    4.000   1.0000          x2c2
 30.0000    0   12.000   1.0000          NULL 
 42.0000    2    4.000   1.0000          x2c1
 46.0000    0    2.000   1.0000          NULL 
 48.0000    1    4.000   1.0000          x1c1
 52.0000    0    8.000   1.0000          NULL 
 60.0000    1    4.000   1.0000          x1c1
 64.0000    0    8.000   1.0000          NULL 
 72.0000    4    4.000   1.0000          x2c2
 76.0000    0   12.000   1.0000          NULL 
 88.0000    3    4.000   1.0000          x1c2
 92.0000    0   12.000   1.0000          NULL 
104.0000    2    4.000   1.0000          x2c1
108.0000    0    4.000   1.0000          NULL 
112.0000    1    4.000   1.0000          x1c1
116.0000    0    6.000   1.0000          NULL 
122.0000    3    4.000   1.0000          x1c2
126.0000    0    2.000   1.0000          NULL 
128.0000    2    4.000   1.0000          x2c1
132.0000    0    6.000   1.0000          NULL 
138.0000    2    4.000   1.0000          x2c1
142.0000    0    6.000   1.0000          NULL 
148.0000    3    4.000   1.0000          x1c2
152.0000    0   12.000   1.0000          NULL 
164.0000    3    4.000   1.0000          x1c2
168.0000    0    2.000   1.0000          NULL 
170.0000    3    4.000   1.0000          x1c2
174.0000    0   12.000   1.0000          NULL 
186.0000    1    4.000   1.0000          x1c1
190.0000    0    6.000   1.0000          NULL 
196.0000    1    4.000   1.0000          x1c1
200.0000    0   14.000   1.0000          NULL 
214.0000    4    4.000   1.0000          x2c2
218.0000    0    8.000   1.0000          NULL 
226.0000    2    4.000   1.0000          x2c1
230.0000    0   10.000   1.0000          NULL 
