  0.0000    2    4.000   1.0000          x2c1
  4.0000    0   12.000   1.0000          NULL 
 16.0000    3    4.000   1.0000          x1c2
 20.0000    0   12.000   1.0000          NULL 
 32.0000    1    4.000   1.0000          x1c1
 36.0000    0    8.000   1.0000          NULL 
 44.0000    3    4.000   1.0000          x1c2
 48.0000    0    4.000   1.0000          NULL 
 52.0000    4    4.000   1.0000          x2c2
 56.0000    0   10.000   1.0000          NULL 
 66.0000    2    4.000   1.0000          x2c1
 70.0000    0   12.000   1.0000          NULL 
 82.0000    2    4.000   1.0000          x2c1
 86.0000    0    8.000   1.0000          NULL 
 94.0000    3    4.000   1.0000          x1c2
 98.0000    0    8.000   1.0000          NULL 
106.0000    4    4.000   1.0000          x2c2
110.0000    0   10.000   1.0000          NULL 
120.0000    2    4.000   1.0000          x2c1
124.0000    0    2.000   1.0000          NULL 
126.0000    4    4.000   1.0000          x2c2
130.0000    0    2.000   1.0000          NULL 
132.0000    3    4.000   1.0000          x1c2
136.0000    0   12.000   1.0000          NULL 
148.0000    4    4.000   1.0000          x2c2
152.0000    0    4.000   1.0000          NULL 
156.0000    1    4.000   1.0000          x1c1
160.0000    0    2.000   1.0000          NULL 
162.0000    2    4.000   1.0000          x2c1
166.0000    0    6.000   1.0000          NULL 
172.0000    1    4.000   1.0000          x1c1
176.0000    0    8.000   1.0000          NULL 
184.0000    4    4.000   1.0000          x2c2
188.0000    0    6.000   1.0000          NULL 
194.0000    3    4.000   1.0000          x1c2
198.0000    0    8.000   1.0000          NULL 
206.0000    1    4.000   1.0000          x1c1
210.0000    0   12.000   1.0000          NULL 
222.0000    1    4.000   1.0000          x1c1
226.0000    0   14.000   1.0000          NULL 
