  0.0000    2    4.000   1.0000          x2c1
  4.0000    0    6.000   1.0000          NULL 
 10.0000    1    4.000   1.0000          x1c1
 14.0000    0    8.000   1.0000          NULL 
 22.0000    1    4.000   1.0000          x1c1
 26.0000    0    8.000   1.0000          NULL 
 34.0000    2    4.000   1.0000          x2c1
 38.0000    0    8.000   1.0000          NULL 
 46.0000    2    4.000   1.0000          x2c1
 50.0000    0    2.000   1.0000          NULL 
 52.0000    4    4.000   1.0000          x2c2
 56.0000    0    6.000   1.0000          NULL 
 62.0000    3    4.000   1.0000          x1c2
 66.0000    0   12.000   1.0000          NULL 
 78.0000    2    4.000   1.0000          x2c1
 82.0000    0   14.000   1.0000          NULL 
 96.0000    1    4.000   1.0000          x1c1
100.0000    0    8.000   1.0000          NULL 
108.0000    4    4.000   1.0000          x2c2
112.0000    0    2.000   1.0000          NULL 
114.0000    3    4.000   1.0000          x1c2
118.0000    0    8.000   1.0000          NULL 
126.0000    3    4.000   1.0000          x1c2
130.0000    0   14.000   1.0000          NULL 
144.0000    3    4.000   1.0000          x1c2
148.0000    0    6.000   1.0000          NULL 
154.0000    1    4.000   1.0000          x1c1
158.0000    0   10.000   1.0000          NULL 
168.0000    2    4.000   1.0000          x2c1
172.0000    0    4.000   1.0000          NULL 
176.0000    4    4.000   1.0000          x2c2
180.0000    0   14.000   1.0000          NULL 
194.0000    3    4.000   1.0000          x1c2
198.0000    0    4.000   1.0000          NULL 
202.0000    4    4.000   1.0000          x2c2
206.0000    0    8.000   1.0000          NULL 
214.0000    4    4.000   1.0000          x2c2
218.0000    0    8.000   1.0000          NULL 
226.0000    1    4.000   1.0000          x1c1
230.0000    0   10.000   1.0000          NULL 
