  0.0000    2    4.000   1.0000          x2c1
  4.0000    0    2.000   1.0000          NULL 
  6.0000    1    4.000   1.0000          x1c1
 10.0000    0   10.000   1.0000          NULL 
 20.0000    3    4.000   1.0000          x1c2
 24.0000    0    8.000   1.0000          NULL 
 32.0000    1    4.000   1.0000          x1c1
 36.0000    0   12.000   1.0000          NULL 
 48.0000    2    4.000   1.0000          x2c1
 52.0000    0    4.000   1.0000          NULL 
 56.0000    1    4.000   1.0000          x1c1
 60.0000    0    8.000   1.0000          NULL 
 68.0000    1    4.000   1.0000          x1c1
 72.0000    0    6.000   1.0000          NULL 
 78.0000    3    4.000   1.0000          x1c2
 82.0000    0    8.000   1.0000          NULL 
 90.0000    2    4.000   1.0000          x2c1
 94.0000    0   14.000   1.0000          NULL 
108.0000    4    4.000   1.0000          x2c2
112.0000    0    6.000   1.0000          NULL 
118.0000    3    4.000   1.0000          x1c2
122.0000    0    8.000   1.0000          NULL 
130.0000    3    4.000   1.0000          x1c2
134.0000    0    4.000   1.0000          NULL 
138.0000    3    4.000   1.0000          x1c2
142.0000    0   10.000   1.0000          NULL 
152.0000    4    4.000   1.0000          x2c2
156.0000    0   14.000   1.0000          NULL 
170.0000    4    4.000   1.0000          x2c2
174.0000    0    8.000   1.0000          NULL 
182.0000    1    4.000   1.0000          x1c1
186.0000    0    6.000   1.0000          NULL 
192.0000    4    4.000   1.0000          x2c2
196.0000    0    8.000   1.0000          NULL 
204.0000    4    4.000   1.0000          x2c2
208.0000    0    2.000   1.0000          NULL 
210.0000    2    4.000   1.0000          x2c1
214.0000    0   10.000   1.0000          NULL 
224.0000    2    4.000   1.0000          x2c1
228.0000    0   12.000   1.0000          NULL 
