  0.0000    4    4.000   1.0000          x2c2
  4.0000    0   10.000   1.0000          NULL 
 14.0000    3    4.000   1.0000          x1c2
 18.0000    0   14.000   1.0000          NULL 
 32.0000    4    4.000   1.0000          x2c2
 36.0000    0    4.000   1.0000          NULL 
 40.0000    2    4.000   1.0000          x2c1
 44.0000    0   12.000   1.0000          NULL 
 56.0000    3    4.000   1.0000          x1c2
 60.0000    0    2.000   1.0000          NULL 
 62.0000    1    4.000   1.0000          x1c1
 66.0000    0   10.000   1.0000          NULL 
 76.0000    1    4.000   1.0000          x1c1
 80.0000    0   10.000   1.0000          NULL 
 90.0000    4    4.000   1.0000          x2c2
 94.0000    0   12.000   1.0000          NULL 
106.0000    1    4.000   1.0000          x1c1
110.0000    0   12.000   1.0000          NULL 
122.0000    2    4.000   1.0000          x2c1
126.0000    0    2.000   1.0000          NULL 
128.0000    3    4.000   1.0000          x1c2
132.0000    0    8.000   1.0000          NULL 
140.0000    2    4.000   1.0000          x2c1
144.0000    0    4.000   1.0000          NULL 
148.0000    3    4.000   1.0000          x1c2
152.0000    0    6.000   1.0000          NULL 
158.0000    4    4.000   1.0000          x2c2
162.0000    0    2.000   1.0000          NULL 
164.0000    1    4.000   1.0000          x1c1
168.0000    0   14.000   1.0000          NULL 
182.0000    3    4.000   1.0000          x1c2
186.0000    0    8.000   1.0000          NULL 
194.0000    2    4.000   1.0000          x2c1
198.0000    0    4.000   1.0000          NULL 
202.0000    4    4.000   1.0000          x2c2
206.0000    0    6.000   1.0000          NULL 
212.0000    1    4.000   1.0000          x1c1
216.0000    0    8.000   1.0000          NULL 
224.0000    2    4.000   1.0000          x2c1
228.0000    0   12.000   1.0000          NULL 
