  0.0000    2    4.000   1.0000          x2c1
  4.0000    0   14.000   1.0000          NULL 
 18.0000    4    4.000   1.0000          x2c2
 22.0000    0   12.000   1.0000          NULL 
 34.0000    3    4.000   1.0000          x1c2
 38.0000    0    6.000   1.0000          NULL 
 44.0000    4    4.000   1.0000          x2c2
 48.0000    0    6.000   1.0000          NULL 
 54.0000    2    4.000   1.0000          x2c1
 58.0000    0    8.000   1.0000          NULL 
 66.0000    2    4.000   1.0000          x2c1
 70.0000    0    6.000   1.0000          NULL 
 76.0000    4    4.000   1.0000          x2c2
 80.0000    0    6.000   1.0000          NULL 
 86.0000    1    4.000   1.0000          x1c1
 90.0000    0    4.000   1.0000          NULL 
 94.0000    1    4.000   1.0000          x1c1
 98.0000    0    2.000   1.0000          NULL 
100.0000    3    4.000   1.0000          x1c2
104.0000    0    6.000   1.0000          NULL 
110.0000    3    4.000   1.0000          x1c2
114.0000    0    6.000   1.0000          NULL 
120.0000    2    4.000   1.0000          x2c1
124.0000    0    4.000   1.0000          NULL 
128.0000    1    4.000   1.0000          x1c1
132.0000    0    8.000   1.0000          NULL 
140.0000    3    4.000   1.0000          x1c2
144.0000    0    8.000   1.0000          NULL 
152.0000    4    4.000   1.0000          x2c2
156.0000    0   10.000   1.0000          NULL 
166.0000    2    4.000   1.0000          x2c1
170.0000    0   14.000   1.0000          NULL 
184.0000    1    4.000   1.0000          x1c1
188.0000    0    8.000   1.0000          NULL 
196.0000    3    4.000   1.0000          x1c2
200.0000    0   12.000   1.0000          NULL 
212.0000    4    4.000   1.0000          x2c2
216.0000    0    8.000   1.0000          NULL 
224.0000    1    4.000   1.0000          x1c1
228.0000    0   12.000   1.0000          NULL 
