  0.0000    4    4.000   1.0000          x2c2
  4.0000    0   12.000   1.0000          NULL 
 16.0000    3    4.000   1.0000          x1c2
 20.0000    0    6.000   1.0000          NULL 
 26.0000    3    4.000   1.0000          x1c2
 30.0000    0    8.000   1.0000          NULL 
 38.0000    4    4.000   1.0000          x2c2
 42.0000    0    8.000   1.0000          NULL 
 50.0000    4    4.000   1.0000          x2c2
 54.0000    0    6.000   1.0000          NULL 
 60.0000    4    4.000   1.0000          x2c2
 64.0000    0    8.000   1.0000          NULL 
 72.0000    2    4.000   1.0000          x2c1
 76.0000    0    8.000   1.0000          NULL 
 84.0000    2    4.000   1.0000          x2c1
 88.0000    0    8.000   1.0000          NULL 
 96.0000    2    4.000   1.0000          x2c1
100.0000    0    6.000   1.0000          NULL 
106.0000    3    4.000   1.0000          x1c2
110.0000    0    4.000   1.0000          NULL 
114.0000    1    4.000   1.0000          x1c1
118.0000    0    4.000   1.0000          NULL 
122.0000    1    4.000   1.0000          x1c1
126.0000    0   10.000   1.0000          NULL 
136.0000    1    4.000   1.0000          x1c1
140.0000    0    2.000   1.0000          NULL 
142.0000    2    4.000   1.0000          x2c1
146.0000    0    2.000   1.0000          NULL 
148.0000    4    4.000   1.0000          x2c2
152.0000    0    6.000   1.0000          NULL 
158.0000    2    4.000   1.0000          x2c1
162.0000    0    8.000   1.0000          NULL 
170.0000    1    4.000   1.0000          x1c1
174.0000    0    8.000   1.0000          NULL 
182.0000    3    4.000   1.0000          x1c2
186.0000    0   10.000   1.0000          NULL 
196.0000    3    4.000   1.0000          x1c2
200.0000    0   14.000   1.0000          NULL 
214.0000    1    4.000   1.0000          x1c1
218.0000    0   22.000   1.0000          NULL 
