  0.0000    3    4.000   1.0000          x1c2
  4.0000    0   14.000   1.0000          NULL 
 18.0000    2    4.000   1.0000          x2c1
 22.0000    0   12.000   1.0000          NULL 
 34.0000    2    4.000   1.0000          x2c1
 38.0000    0    6.000   1.0000          NULL 
 44.0000    3    4.000   1.0000          x1c2
 48.0000    0    4.000   1.0000          NULL 
 52.0000    2    4.000   1.0000          x2c1
 56.0000    0    6.000   1.0000          NULL 
 62.0000    1    4.000   1.0000          x1c1
 66.0000    0   10.000   1.0000          NULL 
 76.0000    3    4.000   1.0000          x1c2
 80.0000    0    4.000   1.0000          NULL 
 84.0000    1    4.000   1.0000          x1c1
 88.0000    0    6.000   1.0000          NULL 
 94.0000    1    4.000   1.0000          x1c1
 98.0000    0    8.000   1.0000          NULL 
106.0000    1    4.000   1.0000          x1c1
110.0000    0    6.000   1.0000          NULL 
116.0000    3    4.000   1.0000          x1c2
120.0000    0    6.000   1.0000          NULL 
126.0000    2    4.000   1.0000          x2c1
130.0000    0    8.000   1.0000          NULL 
138.0000    4    4.000   1.0000          x2c2
142.0000    0    2.000   1.0000          NULL 
144.0000    2    4.000   1.0000          x2c1
148.0000    0    8.000   1.0000          NULL 
156.0000    4    4.000   1.0000          x2c2
160.0000    0    8.000   1.0000          NULL 
168.0000    3    4.000   1.0000          x1c2
172.0000    0    6.000   1.0000          NULL 
178.0000    4    4.000   1.0000          x2c2
182.0000    0    8.000   1.0000          NULL 
190.0000    1    4.000   1.0000          x1c1
194.0000    0    8.000   1.0000          NULL 
202.0000    4    4.000   1.0000          x2c2
206.0000    0    6.000   1.0000          NULL 
212.0000    4    4.000   1.0000          x2c2
216.0000    0   24.000   1.0000          NULL 
