  0.0000    2    4.000   1.0000          x2c1
  4.0000    0    6.000   1.0000          NULL 
 10.0000    1    4.000   1.0000          x1c1
 14.0000    0   10.000   1.0000          NULL 
 24.0000    3    4.000   1.0000          x1c2
 28.0000    0   12.000   1.0000          NULL 
 40.0000    4    4.000   1.0000          x2c2
 44.0000    0    8.000   1.0000          NULL 
 52.0000    3    4.000   1.0000          x1c2
 56.0000    0    6.000   1.0000          NULL 
 62.0000    4    4.000   1.0000          x2c2
 66.0000    0    6.000   1.0000          NULL 
 72.0000    4    4.000   1.0000          x2c2
 76.0000    0    6.000   1.0000          NULL 
 82.0000    2    4.000   1.0000          x2c1
 86.0000    0   12.000   1.0000          NULL 
 98.0000    1    4.000   1.0000          x1c1
102.0000    0    6.000   1.0000          NULL 
108.0000    2    4.000   1.0000          x2c1
112.0000    0   10.000   1.0000          NULL 
122.0000    1    4.000   1.0000          x1c1
126.0000    0   10.000   1.0000          NULL 
136.0000    1    4.000   1.0000          x1c1
140.0000    0   14.000   1.0000          NULL 
154.0000    1    4.000   1.0000          x1c1
158.0000    0    2.000   1.0000          NULL 
160.0000    2    4.000   1.0000          x2c1
164.0000    0    4.000   1.0000          NULL 
168.0000    4    4.000   1.0000          x2c2
172.0000    0    4.000   1.0000          NULL 
176.0000    4    4.000   1.0000          x2c2
180.0000    0    2.000   1.0000          NULL 
182.0000    3    4.000   1.0000          x1c2
186.0000    0    6.000   1.0000          NULL 
192.0000    3    4.000   1.0000          x1c2
196.0000    0   10.000   1.0000          NULL 
206.0000    2    4.000   1.0000          x2c1
210.0000    0   12.000   1.0000          NULL 
222.0000    3    4.000   1.0000          x1c2
226.0000    0   14.000   1.0000          NULL 
