  0.0000    1    4.000   1.0000          x1c1
  4.0000    0   10.000   1.0000          NULL 
 14.0000    3    4.000   1.0000          x1c2
 18.0000    0    4.000   1.0000          NULL 
 22.0000    2    4.000   1.0000          x2c1
 26.0000    0    8.000   1.0000          NULL 
 34.0000    1    4.000   1.0000          x1c1
 38.0000    0    6.000   1.0000          NULL 
 44.0000    4    4.000   1.0000          x2c2
 48.0000    0    2.000   1.0000          NULL 
 50.0000    2    4.000   1.0000          x2c1
 54.0000    0   10.000   1.0000          NULL 
 64.0000    2    4.000   1.0000          x2c1
 68.0000    0   10.000   1.0000          NULL 
 78.0000    4    4.000   1.0000          x2c2
 82.0000    0    4.000   1.0000          NULL 
 86.0000    2    4.000   1.0000          x2c1
 90.0000    0   12.000   1.0000          NULL 
102.0000    2    4.000   1.0000          x2c1
106.0000    0    2.000   1.0000          NULL 
108.0000    4    4.000   1.0000          x2c2
112.0000    0   12.000   1.0000          NULL 
124.0000    3    4.000   1.0000          x1c2
128.0000    0   12.000   1.0000          NULL 
140.0000    3    4.000   1.0000          x1c2
144.0000    0    2.000   1.0000          NULL 
146.0000    1    4.000   1.0000          x1c1
150.0000    0   14.000   1.0000          NULL 
164.0000    3    4.000   1.0000          x1c2
168.0000    0   14.000   1.0000          NULL 
182.0000    4    4.000   1.0000          x2c2
186.0000    0    8.000   1.0000          NULL 
194.0000    3    4.000   1.0000          x1c2
198.0000    0    8.000   1.0000          NULL 
206.0000    1    4.000   1.0000          x1c1
210.0000    0    4.000   1.0000          NULL 
214.0000    4    4.000   1.0000          x2c2
218.0000    0    6.000   1.0000          NULL 
224.0000    1    4.000   1.0000          x1c1
228.0000    0   12.000   1.0000          NULL 
