  0.0000    1    4.000   1.0000          x1c1
  4.0000    0    8.000   1.0000          NULL 
 12.0000    4    4.000   1.0000          x2c2
 16.0000    0   12.000   1.0000          NULL 
 28.0000    3    4.000   1.0000          x1c2
 32.0000    0   10.000   1.0000          NULL 
 42.0000    2    4.000   1.0000          x2c1
 46.0000    0    8.000   1.0000          NULL 
 54.0000    3    4.000   1.0000          x1c2
 58.0000    0   12.000   1.0000          NULL 
 70.0000    4    4.000   1.0000          x2c2
 74.0000    0   10.000   1.0000          NULL 
 84.0000    2    4.000   1.0000          x2c1
 88.0000    0    6.000   1.0000          NULL 
 94.0000    2    4.000   1.0000          x2c1
 98.0000    0    8.000   1.0000          NULL 
106.0000    2    4.000   1.0000          x2c1
110.0000    0    6.000   1.0000          NULL 
116.0000    1    4.000   1.0000          x1c1
120.0000    0   12.000   1.0000          NULL 
132.0000    1    4.000   1.0000          x1c1
136.0000    0    4.000   1.0000          NULL 
140.0000    3    4.000   1.0000          x1c2
144.0000    0   10.000   1.0000          NULL 
154.0000    3    4.000   1.0000          x1c2
158.0000    0    4.000   1.0000          NULL 
162.0000    4    4.000   1.0000          x2c2
166.0000    0    6.000   1.0000          NULL 
172.0000    4    4.000   1.0000          x2c2
176.0000    0    8.000   1.0000          NULL 
184.0000    3    4.000   1.0000          x1c2
188.0000    0   14.000   1.0000          NULL 
202.0000    1    4.000   1.0000          x1c1
206.0000    0    2.000   1.0000          NULL 
208.0000    1    4.000   1.0000          x1c1
212.0000    0    4.000   1.0000          NULL 
216.0000    2    4.000   1.0000          x2c1
220.0000    0    6.000   1.0000          NULL 
226.0000    4    4.000   1.0000          x2c2
230.0000    0   10.000   1.0000          NULL 
