  0.0000    2    4.000   1.0000          x2c1
  4.0000    0    4.000   1.0000          NULL 
  8.0000    3    4.000   1.0000          x1c2
 12.0000    0   12.000   1.0000          NULL 
 24.0000    2    4.000   1.0000          x2c1
 28.0000    0   14.000   1.0000          NULL 
 42.0000    3    4.000   1.0000          x1c2
 46.0000    0    8.000   1.0000          NULL 
 54.0000    1    4.000   1.0000          x1c1
 58.0000    0   12.000   1.0000          NULL 
 70.0000    2    4.000   1.0000          x2c1
 74.0000    0    8.000   1.0000          NULL 
 82.0000    4    4.000   1.0000          x2c2
 86.0000    0    8.000   1.0000          NULL 
 94.0000    3    4.000   1.0000          x1c2
 98.0000    0    4.000   1.0000          NULL 
102.0000    2    4.000   1.0000          x2c1
106.0000    0   10.000   1.0000          NULL 
116.0000    4    4.000   1.0000          x2c2
120.0000    0    2.000   1.0000          NULL 
122.0000    1    4.000   1.0000          x1c1
126.0000    0    8.000   1.0000          NULL 
134.0000    1    4.000   1.0000          x1c1
138.0000    0    4.000   1.0000          NULL 
142.0000    3    4.000   1.0000          x1c2
146.0000    0   12.000   1.0000          NULL 
158.0000    1    4.000   1.0000          x1c1
162.0000    0    2.000   1.0000          NULL 
164.0000    4    4.000   1.0000          x2c2
168.0000    0    6.000   1.0000          NULL 
174.0000    4    4.000   1.0000          x2c2
178.0000    0   10.000   1.0000          NULL 
188.0000    3    4.000   1.0000          x1c2
192.0000    0   10.000   1.0000          NULL 
202.0000    1    4.000   1.0000          x1c1
206.0000    0    4.000   1.0000          NULL 
210.0000    4    4.000   1.0000          x2c2
214.0000    0   10.000   1.0000          NULL 
224.0000    2    4.000   1.0000          x2c1
228.0000    0   12.000   1.0000          NULL 
