  0.0000    4    4.000   1.0000          x2c2
  4.0000    0    6.000   1.0000          NULL 
 10.0000    4    4.000   1.0000          x2c2
 14.0000    0    8.000   1.0000          NULL 
 22.0000    3    4.000   1.0000          x1c2
 26.0000    0   10.000   1.0000          NULL 
 36.0000    4    4.000   1.0000          x2c2
 40.0000    0    2.000   1.0000          NULL 
 42.0000    1    4.000   1.0000          x1c1
 46.0000    0    6.000   1.0000          NULL 
 52.0000    2    4.000   1.0000          x2c1
 56.0000    0   14.000   1.0000          NULL 
 70.0000    4    4.000   1.0000          x2c2
 74.0000    0    8.000   1.0000          NULL 
 82.0000    3    4.000   1.0000          x1c2
 86.0000    0    8.000   1.0000          NULL 
 94.0000    2    4.000   1.0000          x2c1
 98.0000    0   10.000   1.0000          NULL 
108.0000    2    4.000   1.0000          x2c1
112.0000    0   12.000   1.0000          NULL 
124.0000    1    4.000   1.0000          x1c1
128.0000    0   12.000   1.0000          NULL 
140.0000    3    4.000   1.0000          x1c2
144.0000    0   10.000   1.0000          NULL 
154.0000    3    4.000   1.0000          x1c2
158.0000    0    2.000   1.0000          NULL 
160.0000    1    4.000   1.0000          x1c1
164.0000    0    2.000   1.0000          NULL 
166.0000    2    4.000   1.0000          x2c1
170.0000    0   12.000   1.0000          NULL 
182.0000    4    4.000   1.0000          x2c2
186.0000    0    2.000   1.0000          NULL 
188.0000    2    4.000   1.0000          x2c1
192.0000    0    8.000   1.0000          NULL 
200.0000    3    4.000   1.0000          x1c2
204.0000    0   10.000   1.0000          NULL 
214.0000    1    4.000   1.0000          x1c1
218.0000    0    6.000   1.0000          NULL 
224.0000    1    4.000   1.0000          x1c1
228.0000    0   12.000   1.0000          NULL 
