  0.0000    1    4.000   1.0000          x1c1
  4.0000    0    6.000   1.0000          NULL 
 10.0000    4    4.000   1.0000          x2c2
 14.0000    0    6.000   1.0000          NULL 
 20.0000    1    4.000   1.0000          x1c1
 24.0000    0   10.000   1.0000          NULL 
 34.0000    4    4.000   1.0000          x2c2
 38.0000    0    4.000   1.0000          NULL 
 42.0000    3    4.000   1.0000          x1c2
 46.0000    0   12.000   1.0000          NULL 
 58.0000    1    4.000   1.0000          x1c1
 62.0000    0   10.000   1.0000          NULL 
 72.0000    4    4.000   1.0000          x2c2
 76.0000    0   12.000   1.0000          NULL 
 88.0000    3    4.000   1.0000          x1c2
 92.0000    0   10.000   1.0000          NULL 
102.0000    1    4.000   1.0000          x1c1
106.0000    0    8.000   1.0000          NULL 
114.0000    2    4.000   1.0000          x2c1
118.0000    0   10.000   1.0000          NULL 
128.0000    4    4.000   1.0000          x2c2
132.0000    0    6.000   1.0000          NULL 
138.0000    2    4.000   1.0000          x2c1
142.0000    0    6.000   1.0000          NULL 
148.0000    3    4.000   1.0000          x1c2
152.0000    0    2.000   1.0000          NULL 
154.0000    2    4.000   1.0000          x2c1
158.0000    0   10.000   1.0000          NULL 
168.0000    2    4.000   1.0000          x2c1
172.0000    0    8.000   1.0000          NULL 
180.0000    3    4.000   1.0000          x1c2
184.0000    0    4.000   1.0000          NULL 
188.0000    1    4.000   1.0000          x1c1
192.0000    0    2.000   1.0000          NULL 
194.0000    4    4.000   1.0000          x2c2
198.0000    0   12.000   1.0000          NULL 
210.0000    3    4.000   1.0000          x1c2
214.0000    0    4.000   1.0000          NULL 
218.0000    2    4.000   1.0000          x2c1
222.0000    0   18.000   1.0000          NULL 
