  0.0000    2    4.000   1.0000          x2c1
  4.0000    0    6.000   1.0000          NULL 
 10.0000    2    4.000   1.0000          x2c1
 14.0000    0    2.000   1.0000          NULL 
 16.0000    3    4.000   1.0000          x1c2
 20.0000    0    8.000   1.0000          NULL 
 28.0000    2    4.000   1.0000          x2c1
 32.0000    0   10.000   1.0000          NULL 
 42.0000    1    4.000   1.0000          x1c1
 46.0000    0    6.000   1.0000          NULL 
 52.0000    1    4.000   1.0000          x1c1
 56.0000    0   10.000   1.0000          NULL 
 66.0000    1    4.000   1.0000          x1c1
 70.0000    0   10.000   1.0000          NULL 
 80.0000    4    4.000   1.0000          x2c2
 84.0000    0    2.000   1.0000          NULL 
 86.0000    3    4.000   1.0000          x1c2
 90.0000    0   12.000   1.0000          NULL 
102.0000    4    4.000   1.0000          x2c2
106.0000    0    6.000   1.0000          NULL 
112.0000    2    4.000   1.0000          x2c1
116.0000    0   10.000   1.0000          NULL 
126.0000    1    4.000   1.0000          x1c1
130.0000    0   14.000   1.0000          NULL 
144.0000    3    4.000   1.0000          x1c2
148.0000    0    6.000   1.0000          NULL 
154.0000    4    4.000   1.0000          x2c2
158.0000    0    2.000   1.0000          NULL 
160.0000    1    4.000   1.0000          x1c1
164.0000    0    6.000   1.0000          NULL 
170.0000    4    4.000   1.0000          x2c2
174.0000    0   14.000   1.0000          NULL 
188.0000    4    4.000   1.0000          x2c2
192.0000    0   10.000   1.0000          NULL 
202.0000    2    4.000   1.0000          x2c1
206.0000    0    8.000   1.0000          NULL 
214.0000    3    4.000   1.0000          x1c2
218.0000    0    8.000   1.0000          NULL 
226.0000    3    4.000   1.0000          x1c2
230.0000    0   10.000   1.0000          NULL 
