  0.0000    4    4.000   1.0000          x2c2
  4.0000    0    8.000   1.0000          NULL 
 12.0000    3    4.000   1.0000          x1c2
 16.0000    0    4.000   1.0000          NULL 
 20.0000    2    4.000   1.0000          x2c1
 24.0000    0   10.000   1.0000          NULL 
 34.0000    3    4.000   1.0000          x1c2
 38.0000    0    4.000   1.0000          NULL 
 42.0000    1    4.000   1.0000          x1c1
 46.0000    0    4.000   1.0000          NULL 
 50.0000    3    4.000   1.0000          x1c2
 54.0000    0    8.000   1.0000          NULL 
 62.0000    1    4.000   1.0000          x1c1
 66.0000    0    8.000   1.0000          NULL 
 74.0000    4    4.000   1.0000          x2c2
 78.0000    0   14.000   1.0000          NULL 
 92.0000    1    4.000   1.0000          x1c1
 96.0000    0    8.000   1.0000          NULL 
104.0000    2    4.000   1.0000          x2c1
108.0000    0    6.000   1.0000          NULL 
114.0000    1    4.000   1.0000          x1c1
118.0000    0   12.000   1.0000          NULL 
130.0000    3    4.000   1.0000          x1c2
134.0000    0   14.000   1.0000          NULL 
148.0000    2    4.000   1.0000          x2c1
152.0000    0    8.000   1.0000          NULL 
160.0000    4    4.000   1.0000          x2c2
164.0000    0    2.000   1.0000          NULL 
166.0000    3    4.000   1.0000          x1c2
170.0000    0    8.000   1.0000          NULL 
178.0000    4    4.000   1.0000          x2c2
182.0000    0   10.000   1.0000          NULL 
192.0000    2    4.000   1.0000          x2c1
196.0000    0    6.000   1.0000          NULL 
202.0000    4    4.000   1.0000          x2c2
206.0000    0    4.000   1.0000          NULL 
210.0000    1    4.000   1.0000          x1c1
214.0000    0    6.000   1.0000          NULL 
220.0000    2    4.000   1.0000          x2c1
224.0000    0   16.000   1.0000          NULL 
