  0.0000    1    4.000   1.0000          x1c1
  4.0000    0   10.000   1.0000          NULL 
 14.0000    3    4.000   1.0000          x1c2
 18.0000    0   10.000   1.0000          NULL 
 28.0000    3    4.000   1.0000          x1c2
 32.0000    0   10.000   1.0000          NULL 
 42.0000    1    4.000   1.0000          x1c1
 46.0000    0    8.000   1.0000          NULL 
 54.0000    2    4.000   1.0000          x2c1
 58.0000    0   10.000   1.0000          NULL 
 68.0000    1    4.000   1.0000          x1c1
 72.0000    0    4.000   1.0000          NULL 
 76.0000    3    4.000   1.0000          x1c2
 80.0000    0    2.000   1.0000          NULL 
 82.0000    4    4.000   1.0000          x2c2
 86.0000    0    6.000   1.0000          NULL 
 92.0000    2    4.000   1.0000          x2c1
 96.0000    0    2.000   1.0000          NULL 
 98.0000    3    4.000   1.0000          x1c2
102.0000    0   14.000   1.0000          NULL 
116.0000    2    4.000   1.0000          x2c1
120.0000    0    8.000   1.0000          NULL 
128.0000    4    4.000   1.0000          x2c2
132.0000    0   10.000   1.0000          NULL 
142.0000    4    4.000   1.0000          x2c2
146.0000    0   14.000   1.0000          NULL 
160.0000    1    4.000   1.0000          x1c1
164.0000    0    4.000   1.0000          NULL 
168.0000    2    4.000   1.0000          x2c1
172.0000    0    8.000   1.0000          NULL 
180.0000    2    4.000   1.0000          x2c1
184.0000    0    6.000   1.0000          NULL 
190.0000    4    4.000   1.0000          x2c2
194.0000    0   10.000   1.0000          NULL 
204.0000    1    4.000   1.0000          x1c1
208.0000    0    6.000   1.0000          NULL 
214.0000    3    4.000   1.0000          x1c2
218.0000    0    4.000   1.0000          NULL 
222.0000    4    4.000   1.0000          x2c2
226.0000    0   14.000   1.0000          NULL 
