  0.0000    2    4.000   1.0000          x2c1
  4.0000    0    8.000   1.0000          NULL 
 12.0000    3    4.000   1.0000          x1c2
 16.0000    0   14.000   1.0000          NULL 
 30.0000    1    4.000   1.0000          x1c1
 34.0000    0    2.000   1.0000          NULL 
 36.0000    1    4.000   1.0000          x1c1
 40.0000    0    8.000   1.0000          NULL 
 48.0000    2    4.000   1.0000          x2c1
 52.0000    0    8.000   1.0000          NULL 
 60.0000    4    4.000   1.0000          x2c2
 64.0000    0    2.000   1.0000          NULL 
 66.0000    2    4.000   1.0000          x2c1
 70.0000    0   12.000   1.0000          NULL 
 82.0000    1    4.000   1.0000          x1c1
 86.0000    0    6.000   1.0000          NULL 
 92.0000    4    4.000   1.0000          x2c2
 96.0000    0   10.000   1.0000          NULL 
106.0000    1    4.000   1.0000          x1c1
110.0000    0    8.000   1.0000          NULL 
118.0000    4    4.000   1.0000          x2c2
122.0000    0    8.000   1.0000          NULL 
130.0000    3    4.000   1.0000          x1c2
134.0000    0    8.000   1.0000          NULL 
142.0000    4    4.000   1.0000          x2c2
146.0000    0   12.000   1.0000          NULL 
158.0000    2    4.000   1.0000          x2c1
162.0000    0    8.000   1.0000          NULL 
170.0000    3    4.000   1.0000          x1c2
174.0000    0    4.000   1.0000          NULL 
178.0000    3    4.000   1.0000          x1c2
182.0000    0    4.000   1.0000          NULL 
186.0000    3    4.000   1.0000          x1c2
190.0000    0   10.000   1.0000          NULL 
200.0000    1    4.000   1.0000          x1c1
204.0000    0   12.000   1.0000          NULL 
216.0000    2    4.000   1.0000          x2c1
220.0000    0    6.000   1.0000          NULL 
226.0000    4    4.000   1.0000          x2c2
230.0000    0   10.000   1.0000          NULL 
