  0.0000    1    4.000   1.0000          x1c1
  4.0000    0   12.000   1.0000          NULL 
 16.0000    1    4.000   1.0000          x1c1
 20.0000    0    2.000   1.0000          NULL 
 22.0000    4    4.000   1.0000          x2c2
 26.0000    0   10.000   1.0000          NULL 
 36.0000    4    4.000   1.0000          x2c2
 40.0000    0    2.000   1.0000          NULL 
 42.0000    1    4.000   1.0000          x1c1
 46.0000    0    8.000   1.0000          NULL 
 54.0000    4    4.000   1.0000          x2c2
 58.0000    0    4.000   1.0000          NULL 
 62.0000    3    4.000   1.0000          x1c2
 66.0000    0    2.000   1.0000          NULL 
 68.0000    3    4.000   1.0000          x1c2
 72.0000    0    8.000   1.0000          NULL 
 80.0000    3    4.000   1.0000          x1c2
 84.0000    0   10.000   1.0000          NULL 
 94.0000    2    4.000   1.0000          x2c1
 98.0000    0   10.000   1.0000          NULL 
108.0000    2    4.000   1.0000          x2c1
112.0000    0   14.000   1.0000          NULL 
126.0000    3    4.000   1.0000          x1c2
130.0000    0    8.000   1.0000          NULL 
138.0000    2    4.000   1.0000          x2c1
142.0000    0    2.000   1.0000          NULL 
144.0000    4    4.000   1.0000          x2c2
148.0000    0    6.000   1.0000          NULL 
154.0000    1    4.000   1.0000          x1c1
158.0000    0    8.000   1.0000          NULL 
166.0000    4    4.000   1.0000          x2c2
170.0000    0   14.000   1.0000          NULL 
184.0000    1    4.000   1.0000          x1c1
188.0000    0    8.000   1.0000          NULL 
196.0000    2    4.000   1.0000          x2c1
200.0000    0   10.000   1.0000          NULL 
210.0000    3    4.000   1.0000          x1c2
214.0000    0    8.000   1.0000          NULL 
222.0000    2    4.000   1.0000          x2c1
226.0000    0   14.000   1.0000          NULL 
