  0.0000    3    4.000   1.0000          x1c2
  4.0000    0    6.000   1.0000          NULL 
 10.0000    1    4.000   1.0000          x1c1
 14.0000    0    8.000   1.0000          NULL 
 22.0000    1    4.000   1.0000          x1c1
 26.0000    0    2.000   1.0000          NULL 
 28.0000    2    4.000   1.0000          x2c1
 32.0000    0    8.000   1.0000          NULL 
 40.0000    1    4.000   1.0000          x1c1
 44.0000    0   12.000   1.0000          NULL 
 56.0000    4    4.000   1.0000          x2c2
 60.0000    0    8.000   1.0000          NULL 
 68.0000    1    4.000   1.0000          x1c1
 72.0000    0    4.000   1.0000          NULL 
 76.0000    3    4.000   1.0000          x1c2
 80.0000    0    8.000   1.0000          NULL 
 88.0000    4    4.000   1.0000          x2c2
 92.0000    0   10.000   1.0000          NULL 
102.0000    3    4.000   1.0000          x1c2
106.0000    0    4.000   1.0000          NULL 
110.0000    4    4.000   1.0000          x2c2
114.0000    0    8.000   1.0000          NULL 
122.0000    1    4.000   1.0000          x1c1
126.0000    0   10.000   1.0000          NULL 
136.0000    2    4.000   1.0000          x2c1
140.0000    0    8.000   1.0000          NULL 
148.0000    4    4.000   1.0000          x2c2
152.0000    0    8.000   1.0000          NULL 
160.0000    4    4.000   1.0000          x2c2
164.0000    0   14.000   1.0000          NULL 
178.0000    2    4.000   1.0000          x2c1
182.0000    0    2.000   1.0000          NULL 
184.0000    2    4.000   1.0000          x2c1
188.0000    0    8.000   1.0000          NULL 
196.0000    3    4.000   1.0000          x1c2
200.0000    0   12.000   1.0000          NULL 
212.0000    2    4.000   1.0000          x2c1
216.0000    0    2.000   1.0000          NULL 
218.0000    3    4.000   1.0000          x1c2
222.0000    0   18.000   1.0000          NULL 
