  0.0000    3    4.000   1.0000          x1c2
  4.0000    0   10.000   1.0000          NULL 
 14.0000    2    4.000   1.0000          x2c1
 18.0000    0    8.000   1.0000          NULL 
 26.0000    4    4.000   1.0000          x2c2
 30.0000    0   12.000   1.0000          NULL 
 42.0000    1    4.000   1.0000          x1c1
 46.0000    0   10.000   1.0000          NULL 
 56.0000    3    4.000   1.0000          x1c2
 60.0000    0    4.000   1.0000          NULL 
 64.0000    3    4.000   1.0000          x1c2
 68.0000    0   12.000   1.0000          NULL 
 80.0000    3    4.000   1.0000          x1c2
 84.0000    0   10.000   1.0000          NULL 
 94.0000    4    4.000   1.0000          x2c2
 98.0000    0    4.000   1.0000          NULL 
102.0000    2    4.000   1.0000          x2c1
106.0000    0   12.000   1.0000          NULL 
118.0000    3    4.000   1.0000          x1c2
122.0000    0    2.000   1.0000          NULL 
124.0000    4    4.000   1.0000          x2c2
128.0000    0    2.000   1.0000          NULL 
130.0000    2    4.000   1.0000          x2c1
134.0000    0    6.000   1.0000          NULL 
140.0000    1    4.000   1.0000          x1c1
144.0000    0    8.000   1.0000          NULL 
152.0000    4    4.000   1.0000          x2c2
156.0000    0   14.000   1.0000          NULL 
170.0000    1    4.000   1.0000          x1c1
174.0000    0    4.000   1.0000          NULL 
178.0000    4    4.000   1.0000          x2c2
182.0000    0    8.000   1.0000          NULL 
190.0000    1    4.000   1.0000          x1c1
194.0000    0    8.000   1.0000          NULL 
202.0000    1    4.000   1.0000          x1c1
206.0000    0    2.000   1.0000          NULL 
208.0000    2    4.000   1.0000          x2c1
212.0000    0    8.000   1.0000          NULL 
220.0000    2    4.000   1.0000          x2c1
224.0000    0   16.000   1.0000          NULL 
