  0.0000    3    4.000   1.0000          x1c2
  4.0000    0   14.000   1.0000          NULL 
 18.0000    1    4.000   1.0000          x1c1
 22.0000    0    2.000   1.0000          NULL 
 24.0000    1    4.000   1.0000          x1c1
 28.0000    0    2.000   1.0000          NULL 
 30.0000    2    4.000   1.0000          x2c1
 34.0000    0   10.000   1.0000          NULL 
 44.0000    3    4.000   1.0000          x1c2
 48.0000    0   12.000   1.0000          NULL 
 60.0000    2    4.000   1.0000          x2c1
 64.0000    0   14.000   1.0000          NULL 
 78.0000    4    4.000   1.0000          x2c2
 82.0000    0    6.000   1.0000          NULL 
 88.0000    1    4.000   1.0000          x1c1
 92.0000    0    6.000   1.0000          NULL 
 98.0000    1    4.000   1.0000          x1c1
102.0000    0   10.000   1.0000          NULL 
112.0000    2    4.000   1.0000          x2c1
116.0000    0    4.000   1.0000          NULL 
120.0000    4    4.000   1.0000          x2c2
124.0000    0    8.000   1.0000          NULL 
132.0000    4    4.000   1.0000          x2c2
136.0000    0   12.000   1.0000          NULL 
148.0000    3    4.000   1.0000          x1c2
152.0000    0    2.000   1.0000          NULL 
154.0000    4    4.000   1.0000          x2c2
158.0000    0    8.000   1.0000          NULL 
166.0000    2    4.000   1.0000          x2c1
170.0000    0   10.000   1.0000          NULL 
180.0000    1    4.000   1.0000          x1c1
184.0000    0    8.000   1.0000          NULL 
192.0000    3    4.000   1.0000          x1c2
196.0000    0    8.000   1.0000          NULL 
204.0000    2    4.000   1.0000          x2c1
208.0000    0    8.000   1.0000          NULL 
216.0000    4    4.000   1.0000          x2c2
220.0000    0    6.000   1.0000          NULL 
226.0000    3    4.000   1.0000          x1c2
230.0000    0   10.000   1.0000          NULL 
