  0.0000    3    4.000   1.0000          x1c2
  4.0000    0   10.000   1.0000          NULL 
 14.0000    4    4.000   1.0000          x2c2
 18.0000    0   10.000   1.0000          NULL 
 28.0000    3    4.000   1.0000          x1c2
 32.0000    0   12.000   1.0000          NULL 
 44.0000    1    4.000   1.0000          x1c1
 48.0000    0    2.000   1.0000          NULL 
 50.0000    1    4.000   1.0000          x1c1
 54.0000    0    8.000   1.0000          NULL 
 62.0000    2    4.000   1.0000          x2c1
 66.0000    0    6.000   1.0000          NULL 
 72.0000    4    4.000   1.0000          x2c2
 76.0000    0   12.000   1.0000          NULL 
 88.0000    4    4.000   1.0000          x2c2
 92.0000    0   10.000   1.0000          NULL 
102.0000    3    4.000   1.0000          x1c2
106.0000    0   10.000   1.0000          NULL 
116.0000    1    4.000   1.0000          x1c1
120.0000    0    6.000   1.0000          NULL 
126.0000    2    4.000   1.0000          x2c1
130.0000    0    6.000   1.0000          NULL 
136.0000    1    4.000   1.0000          x1c1
140.0000    0    8.000   1.0000          NULL 
148.0000    2    4.000   1.0000          x2c1
152.0000    0   14.000   1.0000          NULL 
166.0000    2    4.000   1.0000          x2c1
170.0000    0   10.000   1.0000          NULL 
180.0000    3    4.000   1.0000          x1c2
184.0000    0   10.000   1.0000          NULL 
194.0000    4    4.000   1.0000          x2c2
198.0000    0    4.000   1.0000          NULL 
202.0000    3    4.000   1.0000          x1c2
206.0000    0    2.000   1.0000          NULL 
208.0000    2    4.000   1.0000          x2c1
212.0000    0    2.000   1.0000          NULL 
214.0000    1    4.000   1.0000          x1c1
218.0000    0    4.000   1.0000          NULL 
222.0000    4    4.000   1.0000          x2c2
226.0000    0   14.000   1.0000          NULL 
