  0.0000    1    4.000   1.0000          x1c1
  4.0000    0    6.000   1.0000          NULL 
 10.0000    1    4.000   1.0000          x1c1
 14.0000    0    6.000   1.0000          NULL 
 20.0000    3    4.000   1.0000          x1c2
 24.0000    0   10.000   1.0000          NULL 
 34.0000    3    4.000   1.0000          x1c2
 38.0000    0   12.000   1.0000          NULL 
 50.0000    1    4.000   1.0000          x1c1
 54.0000    0   12.000   1.0000          NULL 
 66.0000    2    4.000   1.0000          x2c1
 70.0000    0   10.000   1.0000          NULL 
 80.0000    2    4.000   1.0000          x2c1
 84.0000    0    4.000   1.0000          NULL 
 88.0000    2    4.000   1.0000          x2c1
 92.0000    0    2.000   1.0000          NULL 
 94.0000    2    4.000   1.0000          x2c1
 98.0000    0    8.000   1.0000          NULL 
106.0000    4    4.000   1.0000          x2c2
110.0000    0    6.000   1.0000          NULL 
116.0000    3    4.000   1.0000          x1c2
120.0000    0   10.000   1.0000          NULL 
130.0000    4    4.000   1.0000          x2c2
134.0000    0    6.000   1.0000          NULL 
140.0000    4    4.000   1.0000          x2c2
144.0000    0    6.000   1.0000          NULL 
150.0000    3    4.000   1.0000          x1c2
154.0000    0    8.000   1.0000          NULL 
162.0000    1    4.000   1.0000          x1c1
166.0000    0    8.000   1.0000          NULL 
174.0000    1    4.000   1.0000          x1c1
178.0000    0    8.000   1.0000          NULL 
186.0000    2    4.000   1.0000          x2c1
190.0000    0   14.000   1.0000          NULL 
204.0000    3    4.000   1.0000          x1c2
208.0000    0   10.000   1.0000          NULL 
218.0000    4    4.000   1.0000          x2c2
222.0000    0    2.000   1.0000          NULL 
224.0000    4    4.000   1.0000          x2c2
228.0000    0   12.000   1.0000          NULL 
