  0.0000    2    4.000   1.0000          x2c1
  4.0000    0    8.000   1.0000          NULL 
 12.0000    1    4.000   1.0000          x1c1
 16.0000    0    4.000   1.0000          NULL 
 20.0000    1    4.000   1.0000          x1c1
 24.0000    0    8.000   1.0000          NULL 
 32.0000    1    4.000   1.0000          x1c1
 36.0000    0    8.000   1.0000          NULL 
 44.0000    3    4.000   1.0000          x1c2
 48.0000    0   10.000   1.0000          NULL 
 58.0000    1    4.000   1.0000          x1c1
 62.0000    0    4.000   1.0000          NULL 
 66.0000    3    4.000   1.0000          x1c2
 70.0000    0    6.000   1.0000          NULL 
 76.0000    2    4.000   1.0000          x2c1
 80.0000    0   14.000   1.0000          NULL 
 94.0000    4    4.000   1.0000          x2c2
 98.0000    0   10.000   1.0000          NULL 
108.0000    2    4.000   1.0000          x2c1
112.0000    0   10.000   1.0000          NULL 
122.0000    4    4.000   1.0000          x2c2
126.0000    0    4.000   1.0000          NULL 
130.0000    4    4.000   1.0000          x2c2
134.0000    0    6.000   1.0000          NULL 
140.0000    2    4.000   1.0000          x2c1
144.0000    0    6.000   1.0000          NULL 
150.0000    1    4.000   1.0000          x1c1
154.0000    0   14.000   1.0000          NULL 
168.0000    2    4.000   1.0000          x2c1
172.0000    0    2.000   1.0000          NULL 
174.0000    4    4.000   1.0000          x2c2
178.0000    0   10.000   1.0000          NULL 
188.0000    4    4.000   1.0000          x2c2
192.0000    0   10.000   1.0000          NULL 
202.0000    3    4.000   1.0000          x1c2
206.0000    0    2.000   1.0000          NULL 
208.0000    3    4.000   1.0000          x1c2
212.0000    0   12.000   1.0000          NULL 
224.0000    3    4.000   1.0000          x1c2
228.0000    0   12.000   1.0000          NULL 
