  0.0000    4    4.000   1.0000          x2c2
  4.0000    0    8.000   1.0000          NULL 
 12.0000    2    4.000   1.0000          x2c1
 16.0000    0    8.000   1.0000          NULL 
 24.0000    3    4.000   1.0000          x1c2
 28.0000    0    8.000   1.0000          NULL 
 36.0000    1    4.000   1.0000          x1c1
 40.0000    0    4.000   1.0000          NULL 
 44.0000    2    4.000   1.0000          x2c1
 48.0000    0    6.000   1.0000          NULL 
 54.0000    1    4.000   1.0000          x1c1
 58.0000    0   12.000   1.0000          NULL 
 70.0000    3    4.000   1.0000          x1c2
 74.0000    0   12.000   1.0000          NULL 
 86.0000    4    4.000   1.0000          x2c2
 90.0000    0   10.000   1.0000          NULL 
100.0000    3    4.000   1.0000          x1c2
104.0000    0    2.000   1.0000          NULL 
106.0000    1    4.000   1.0000          x1c1
110.0000    0    2.000   1.0000          NULL 
112.0000    1    4.000   1.0000          x1c1
116.0000    0    2.000   1.0000          NULL 
118.0000    3    4.000   1.0000          x1c2
122.0000    0   10.000   1.0000          NULL 
132.0000    4    4.000   1.0000          x2c2
136.0000    0    8.000   1.0000          NULL 
144.0000    4    4.000   1.0000          x2c2
148.0000    0   14.000   1.0000          NULL 
162.0000    2    4.000   1.0000          x2c1
166.0000    0   10.000   1.0000          NULL 
176.0000    1    4.000   1.0000          x1c1
180.0000    0   10.000   1.0000          NULL 
190.0000    4    4.000   1.0000          x2c2
194.0000    0    8.000   1.0000          NULL 
202.0000    2    4.000   1.0000          x2c1
206.0000    0    4.000   1.0000          NULL 
210.0000    2    4.000   1.0000          x2c1
214.0000    0    8.000   1.0000          NULL 
222.0000    3    4.000   1.0000          x1c2
226.0000    0   14.000   1.0000          NULL 
