  0.0000    1    4.000   1.0000          x1c1
  4.0000    0    4.000   1.0000          NULL 
  8.0000    3    4.000   1.0000          x1c2
 12.0000    0    6.000   1.0000          NULL 
 18.0000    1    4.000   1.0000          x1c1
 22.0000    0    8.000   1.0000          NULL 
 30.0000    4    4.000   1.0000          x2c2
 34.0000    0    2.000   1.0000          NULL 
 36.0000    2    4.000   1.0000          x2c1
 40.0000    0    8.000   1.0000          NULL 
 48.0000    2    4.000   1.0000          x2c1
 52.0000    0   10.000   1.0000          NULL 
 62.0000    2    4.000   1.0000          x2c1
 66.0000    0    2.000   1.0000          NULL 
 68.0000    3    4.000   1.0000          x1c2
 72.0000    0    6.000   1.0000          NULL 
 78.0000    2    4.000   1.0000          x2c1
 82.0000    0    8.000   1.0000          NULL 
 90.0000    2    4.000   1.0000          x2c1
 94.0000    0    6.000   1.0000          NULL 
100.0000    1    4.000   1.0000          x1c1
104.0000    0   12.000   1.0000          NULL 
116.0000    1    4.000   1.0000          x1c1
120.0000    0    8.000   1.0000          NULL 
128.0000    3    4.000   1.0000          x1c2
132.0000    0   14.000   1.0000          NULL 
146.0000    4    4.000   1.0000          x2c2
150.0000    0    8.000   1.0000          NULL 
158.0000    3    4.000   1.0000          x1c2
162.0000    0    2.000   1.0000          NULL 
164.0000    4    4.000   1.0000          x2c2
168.0000    0    8.000   1.0000          NULL 
176.0000    4    4.000   1.0000          x2c2
180.0000    0    6.000   1.0000          NULL 
186.0000    4    4.000   1.0000          x2c2
190.0000    0   12.000   1.0000          NULL 
202.0000    1    4.000   1.0000          x1c1
206.0000    0   10.000   1.0000          NULL 
216.0000    3    4.000   1.0000          x1c2
220.0000    0   20.000   1.0000          NULL 
