  0.0000    4    4.000   1.0000          x2c2
  4.0000    0    8.000   1.0000          NULL 
 12.0000    1    4.000   1.0000          x1c1
 16.0000    0   10.000   1.0000          NULL 
 26.0000    1    4.000   1.0000          x1c1
 30.0000    0    2.000   1.0000          NULL 
 32.0000    3    4.000   1.0000          x1c2
 36.0000    0    4.000   1.0000          NULL 
 40.0000    1    4.000   1.0000          x1c1
 44.0000    0    6.000   1.0000          NULL 
 50.0000    2    4.000   1.0000          x2c1
 54.0000    0    2.000   1.0000          NULL 
 56.0000    3    4.000   1.0000          x1c2
 60.0000    0    6.000   1.0000          NULL 
 66.0000    4    4.000   1.0000          x2c2
 70.0000    0   10.000   1.0000          NULL 
 80.0000    4    4.000   1.0000          x2c2
 84.0000    0   10.000   1.0000          NULL 
 94.0000    3    4.000   1.0000          x1c2
 98.0000    0   10.000   1.0000          NULL 
108.0000    3    4.000   1.0000          x1c2
112.0000    0   14.000   1.0000          NULL 
126.0000    2    4.000   1.0000          x2c1
130.0000    0    2.000   1.0000          NULL 
132.0000    2    4.000   1.0000          x2c1
136.0000    0   10.000   1.0000          NULL 
146.0000    2    4.000   1.0000          x2c1
150.0000    0   14.000   1.0000          NULL 
164.0000    2    4.000   1.0000          x2c1
168.0000    0    6.000   1.0000          NULL 
174.0000    1    4.000   1.0000          x1c1
178.0000    0    2.000   1.0000          NULL 
180.0000    1    4.000   1.0000          x1c1
184.0000    0   10.000   1.0000          NULL 
194.0000    4    4.000   1.0000          x2c2
198.0000    0   10.000   1.0000          NULL 
208.0000    4    4.000   1.0000          x2c2
212.0000    0   10.000   1.0000          NULL 
222.0000    3    4.000   1.0000          x1c2
226.0000    0   14.000   1.0000          NULL 
