  0.0000    2    4.000   1.0000          x2c1
  4.0000    0    4.000   1.0000          NULL 
  8.0000    4    4.000   1.0000          x2c2
 12.0000    0    8.000   1.0000          NULL 
 20.0000    3    4.000   1.0000          x1c2
 24.0000    0    8.000   1.0000          NULL 
 32.0000    1    4.000   1.0000          x1c1
 36.0000    0    8.000   1.0000          NULL 
 44.0000    2    4.000   1.0000          x2c1
 48.0000    0    8.000   1.0000          NULL 
 56.0000    1    4.000   1.0000          x1c1
 60.0000    0    4.000   1.0000          NULL 
 64.0000    3    4.000   1.0000          x1c2
 68.0000    0   12.000   1.0000          NULL 
 80.0000    4    4.000   1.0000          x2c2
 84.0000    0    6.000   1.0000          NULL 
 90.0000    2    4.000   1.0000          x2c1
 94.0000    0   12.000   1.0000          NULL 
106.0000    1    4.000   1.0000          x1c1
110.0000    0   10.000   1.0000          NULL 
120.0000    2    4.000   1.0000          x2c1
124.0000    0    8.000   1.0000          NULL 
132.0000    2    4.000   1.0000          x2c1
136.0000    0    4.000   1.0000          NULL 
140.0000    3    4.000   1.0000          x1c2
144.0000    0    8.000   1.0000          NULL 
152.0000    4    4.000   1.0000          x2c2
156.0000    0    2.000   1.0000          NULL 
158.0000    3    4.000   1.0000          x1c2
162.0000    0    6.000   1.0000          NULL 
168.0000    1    4.000   1.0000          x1c1
172.0000    0    2.000   1.0000          NULL 
174.0000    3    4.000   1.0000          x1c2
178.0000    0   12.000   1.0000          NULL 
190.0000    4    4.000   1.0000          x2c2
194.0000    0    6.000   1.0000          NULL 
200.0000    4    4.000   1.0000          x2c2
204.0000    0   12.000   1.0000          NULL 
216.0000    1    4.000   1.0000          x1c1
220.0000    0   20.000   1.0000          NULL 
