  0.0000    4    4.000   1.0000          x2c2
  4.0000    0    4.000   1.0000          NULL 
  8.0000    2    4.000   1.0000          x2c1
 12.0000    0    4.000   1.0000          NULL 
 16.0000    3    4.000   1.0000          x1c2
 20.0000    0    6.000   1.0000          NULL 
 26.0000    1    4.000   1.0000          x1c1
 30.0000    0    4.000   1.0000          NULL 
 34.0000    3    4.000   1.0000          x1c2
 38.0000    0   14.000   1.0000          NULL 
 52.0000    2    4.000   1.0000          x2c1
 56.0000    0    2.000   1.0000          NULL 
 58.0000    3    4.000   1.0000          x1c2
 62.0000    0   12.000   1.0000          NULL 
 74.0000    3    4.000   1.0000          x1c2
 78.0000    0    6.000   1.0000          NULL 
 84.0000    2    4.000   1.0000          x2c1
 88.0000    0   10.000   1.0000          NULL 
 98.0000    2    4.000   1.0000          x2c1
102.0000    0    8.000   1.0000          NULL 
110.0000    2    4.000   1.0000          x2c1
114.0000    0    4.000   1.0000          NULL 
118.0000    4    4.000   1.0000          x2c2
122.0000    0   10.000   1.0000          NULL 
132.0000    3    4.000   1.0000          x1c2
136.0000    0   10.000   1.0000          NULL 
146.0000    1    4.000   1.0000          x1c1
150.0000    0   12.000   1.0000          NULL 
162.0000    4    4.000   1.0000          x2c2
166.0000    0    2.000   1.0000          NULL 
168.0000    4    4.000   1.0000          x2c2
172.0000    0    8.000   1.0000          NULL 
180.0000    1    4.000   1.0000          x1c1
184.0000    0   12.000   1.0000          NULL 
196.0000    1    4.000   1.0000          x1c1
200.0000    0    6.000   1.0000          NULL 
206.0000    1    4.000   1.0000          x1c1
210.0000    0   14.000   1.0000          NULL 
224.0000    4    4.000   1.0000          x2c2
228.0000    0   12.000   1.0000          NULL 
