  0.0000    1    4.000   1.0000          x1c1
  4.0000    0    8.000   1.0000          NULL 
 12.0000    2    4.000   1.0000          x2c1
 16.0000    0    8.000   1.0000          NULL 
 24.0000    2    4.000   1.0000          x2c1
 28.0000    0    2.000   1.0000          NULL 
 30.0000    1    4.000   1.0000          x1c1
 34.0000    0    8.000   1.0000          NULL 
 42.0000    3    4.000   1.0000          x1c2
 46.0000    0   14.000   1.0000          NULL 
 60.0000    4    4.000   1.0000          x2c2
 64.0000    0    2.000   1.0000          NULL 
 66.0000    1    4.000   1.0000          x1c1
 70.0000    0   10.000   1.0000          NULL 
 80.0000    3    4.000   1.0000          x1c2
 84.0000    0   14.000   1.0000          NULL 
 98.0000    4    4.000   1.0000          x2c2
102.0000    0    8.000   1.0000          NULL 
110.0000    2    4.000   1.0000          x2c1
114.0000    0   14.000   1.0000          NULL 
128.0000    3    4.000   1.0000          x1c2
132.0000    0    4.000   1.0000          NULL 
136.0000    2    4.000   1.0000          x2c1
140.0000    0   10.000   1.0000          NULL 
150.0000    1    4.000   1.0000          x1c1
154.0000    0   14.000   1.0000          NULL 
168.0000    4    4.000   1.0000          x2c2
172.0000    0    8.000   1.0000          NULL 
180.0000    4    4.000   1.0000          x2c2
184.0000    0    2.000   1.0000          NULL 
186.0000    2    4.000   1.0000          x2c1
190.0000    0    6.000   1.0000          NULL 
196.0000    1    4.000   1.0000          x1c1
200.0000    0    4.000   1.0000          NULL 
204.0000    3    4.000   1.0000          x1c2
208.0000    0    8.000   1.0000          NULL 
216.0000    3    4.000   1.0000          x1c2
220.0000    0    4.000   1.0000          NULL 
224.0000    4    4.000   1.0000          x2c2
228.0000    0   12.000   1.0000          NULL 
