  0.0000    3    4.000   1.0000          x1c2
  4.0000    0    8.000   1.0000          NULL 
 12.0000    2    4.000   1.0000          x2c1
 16.0000    0   14.000   1.0000          NULL 
 30.0000    4    4.000   1.0000          x2c2
 34.0000    0   12.000   1.0000          NULL 
 46.0000    3    4.000   1.0000          x1c2
 50.0000    0    8.000   1.0000          NULL 
 58.0000    2    4.000   1.0000          x2c1
 62.0000    0    4.000   1.0000          NULL 
 66.0000    1    4.000   1.0000          x1c1
 70.0000    0    8.000   1.0000          NULL 
 78.0000    3    4.000   1.0000          x1c2
 82.0000    0   10.000   1.0000          NULL 
 92.0000    4    4.000   1.0000          x2c2
 96.0000    0   10.000   1.0000          NULL 
106.0000    4    4.000   1.0000          x2c2
110.0000    0   10.000   1.0000          NULL 
120.0000    2    4.000   1.0000          x2c1
124.0000    0   10.000   1.0000          NULL 
134.0000    1    4.000   1.0000          x1c1
138.0000    0    6.000   1.0000          NULL 
144.0000    3    4.000   1.0000          x1c2
148.0000    0    2.000   1.0000          NULL 
150.0000    3    4.000   1.0000          x1c2
154.0000    0   12.000   1.0000          NULL 
166.0000    1    4.000   1.0000          x1c1
170.0000    0   10.000   1.0000          NULL 
180.0000    2    4.000   1.0000          x2c1
184.0000    0    6.000   1.0000          NULL 
190.0000    2    4.000   1.0000          x2c1
194.0000    0    8.000   1.0000          NULL 
202.0000    4    4.000   1.0000          x2c2
206.0000    0    6.000   1.0000          NULL 
212.0000    1    4.000   1.0000          x1c1
216.0000    0    2.000   1.0000          NULL 
218.0000    4    4.000   1.0000          x2c2
222.0000    0    2.000   1.0000          NULL 
224.0000    1    4.000   1.0000          x1c1
228.0000    0   12.000   1.0000          NULL 
