  0.0000    1    4.000   1.0000          x1c1
  4.0000    0    8.000   1.0000          NULL 
 12.0000    2    4.000   1.0000          x2c1
 16.0000    0    6.000   1.0000          NULL 
 22.0000    2    4.000   1.0000          x2c1
 26.0000    0    6.000   1.0000          NULL 
 32.0000    3    4.000   1.0000          x1c2
 36.0000    0   10.000   1.0000          NULL 
 46.0000    2    4.000   1.0000          x2c1
 50.0000    0    2.000   1.0000          NULL 
 52.0000    1    4.000   1.0000          x1c1
 56.0000    0    8.000   1.0000          NULL 
 64.0000    1    4.000   1.0000          x1c1
 68.0000    0    4.000   1.0000          NULL 
 72.0000    4    4.000   1.0000          x2c2
 76.0000    0    8.000   1.0000          NULL 
 84.0000    3    4.000   1.0000          x1c2
 88.0000    0    8.000   1.0000          NULL 
 96.0000    2    4.000   1.0000          x2c1
100.0000    0    8.000   1.0000          NULL 
108.0000    1    4.000   1.0000          x1c1
112.0000    0   12.000   1.0000          NULL 
124.0000    4    4.000   1.0000          x2c2
128.0000    0   10.000   1.0000          NULL 
138.0000    4    4.000   1.0000          x2c2
142.0000    0   12.000   1.0000          NULL 
154.0000    3    4.000   1.0000          x1c2
158.0000    0    6.000   1.0000          NULL 
164.0000    4    4.000   1.0000          x2c2
168.0000    0    6.000   1.0000          NULL 
174.0000    4    4.000   1.0000          x2c2
178.0000    0   10.000   1.0000          NULL 
188.0000    1    4.000   1.0000          x1c1
192.0000    0    8.000   1.0000          NULL 
200.0000    3    4.000   1.0000          x1c2
204.0000    0    2.000   1.0000          NULL 
206.0000    3    4.000   1.0000          x1c2
210.0000    0    6.000   1.0000          NULL 
216.0000    2    4.000   1.0000          x2c1
220.0000    0   20.000   1.0000          NULL 
