  0.0000    4    4.000   1.0000          x2c2
  4.0000    0    2.000   1.0000          NULL 
  6.0000    4    4.000   1.0000          x2c2
 10.0000    0    8.000   1.0000          NULL 
 18.0000    3    4.000   1.0000          x1c2
 22.0000    0    2.000   1.0000          NULL 
 24.0000    3    4.000   1.0000          x1c2
 28.0000    0   12.000   1.0000          NULL 
 40.0000    1    4.000   1.0000          x1c1
 44.0000    0   14.000   1.0000          NULL 
 58.0000    1    4.000   1.0000          x1c1
 62.0000    0   12.000   1.0000          NULL 
 74.0000    1    4.000   1.0000          x1c1
 78.0000    0   10.000   1.0000          NULL 
 88.0000    1    4.000   1.0000          x1c1
 92.0000    0    4.000   1.0000          NULL 
 96.0000    4    4.000   1.0000          x2c2
100.0000    0   10.000   1.0000          NULL 
110.0000    2    4.000   1.0000          x2c1
114.0000    0    4.000   1.0000          NULL 
118.0000    4    4.000   1.0000          x2c2
122.0000    0    4.000   1.0000          NULL 
126.0000    2    4.000   1.0000          x2c1
130.0000    0    8.000   1.0000          NULL 
138.0000    2    4.000   1.0000          x2c1
142.0000    0   10.000   1.0000          NULL 
152.0000    3    4.000   1.0000          x1c2
156.0000    0    8.000   1.0000          NULL 
164.0000    4    4.000   1.0000          x2c2
168.0000    0    2.000   1.0000          NULL 
170.0000    3    4.000   1.0000          x1c2
174.0000    0    8.000   1.0000          NULL 
182.0000    3    4.000   1.0000          x1c2
186.0000    0   14.000   1.0000          NULL 
200.0000    2    4.000   1.0000          x2c1
204.0000    0    4.000   1.0000          NULL 
208.0000    1    4.000   1.0000          x1c1
212.0000    0   14.000   1.0000          NULL 
226.0000    2    4.000   1.0000          x2c1
230.0000    0   10.000   1.0000          NULL 
