  0.0000    3    4.000   1.0000          x1c2
  4.0000    0    2.000   1.0000          NULL 
  6.0000    4    4.000   1.0000          x2c2
 10.0000    0   10.000   1.0000          NULL 
 20.0000    1    4.000   1.0000          x1c1
 24.0000    0    8.000   1.0000          NULL 
 32.0000    3    4.000   1.0000          x1c2
 36.0000    0    6.000   1.0000          NULL 
 42.0000    1    4.000   1.0000          x1c1
 46.0000    0    6.000   1.0000          NULL 
 52.0000    1    4.000   1.0000          x1c1
 56.0000    0   12.000   1.0000          NULL 
 68.0000    2    4.000   1.0000          x2c1
 72.0000    0    8.000   1.0000          NULL 
 80.0000    1    4.000   1.0000          x1c1
 84.0000    0    6.000   1.0000          NULL 
 90.0000    2    4.000   1.0000          x2c1
 94.0000    0   10.000   1.0000          NULL 
104.0000    4    4.000   1.0000          x2c2
108.0000    0    8.000   1.0000          NULL 
116.0000    3    4.000   1.0000          x1c2
120.0000    0   12.000   1.0000          NULL 
132.0000    4    4.000   1.0000          x2c2
136.0000    0    8.000   1.0000          NULL 
144.0000    1    4.000   1.0000          x1c1
148.0000    0    8.000   1.0000          NULL 
156.0000    3    4.000   1.0000          x1c2
160.0000    0    4.000   1.0000          NULL 
164.0000    2    4.000   1.0000          x2c1
168.0000    0    4.000   1.0000          NULL 
172.0000    3    4.000   1.0000          x1c2
176.0000    0   12.000   1.0000          NULL 
188.0000    4    4.000   1.0000          x2c2
192.0000    0   10.000   1.0000          NULL 
202.0000    2    4.000   1.0000          x2c1
206.0000    0    6.000   1.0000          NULL 
212.0000    4    4.000   1.0000          x2c2
216.0000    0    6.000   1.0000          NULL 
222.0000    2    4.000   1.0000          x2c1
226.0000    0   14.000   1.0000          NULL 
