  0.0000    1    4.000   1.0000          x1c1
  4.0000    0    2.000   1.0000          NULL 
  6.0000    2    4.000   1.0000          x2c1
 10.0000    0    8.000   1.0000          NULL 
 18.0000    4    4.000   1.0000          x2c2
 22.0000    0    8.000   1.0000          NULL 
 30.0000    3    4.000   1.0000          x1c2
 34.0000    0    8.000   1.0000          NULL 
 42.0000    1    4.000   1.0000          x1c1
 46.0000    0    8.000   1.0000          NULL 
 54.0000    2    4.000   1.0000          x2c1
 58.0000    0    2.000   1.0000          NULL 
 60.0000    1    4.000   1.0000          x1c1
 64.0000    0    2.000   1.0000          NULL 
 66.0000    4    4.000   1.0000          x2c2
 70.0000    0    8.000   1.0000          NULL 
 78.0000    3    4.000   1.0000          x1c2
 82.0000    0   12.000   1.0000          NULL 
 94.0000    4    4.000   1.0000          x2c2
 98.0000    0   14.000   1.0000          NULL 
112.0000    1    4.000   1.0000          x1c1
116.0000    0   14.000   1.0000          NULL 
130.0000    1    4.000   1.0000          x1c1
134.0000    0    4.000   1.0000          NULL 
138.0000    3    4.000   1.0000          x1c2
142.0000    0    8.000   1.0000          NULL 
150.0000    2    4.000   1.0000          x2c1
154.0000    0   14.000   1.0000          NULL 
168.0000    4    4.000   1.0000          x2c2
172.0000    0    8.000   1.0000          NULL 
180.0000    4    4.000   1.0000          x2c2
184.0000    0    8.000   1.0000          NULL 
192.0000    3    4.000   1.0000          x1c2
196.0000    0    8.000   1.0000          NULL 
204.0000    3    4.000   1.0000          x1c2
208.0000    0    4.000   1.0000          NULL 
212.0000    2    4.000   1.0000          x2c1
216.0000    0   10.000   1.0000          NULL 
226.0000    2    4.000   1.0000          x2c1
230.0000    0   10.000   1.0000          NULL 
