  0.0000    1    4.000   1.0000          x1c1
  4.0000    0    2.000   1.0000          NULL 
  6.0000    2    4.000   1.0000          x2c1
 10.0000    0    2.000   1.0000          NULL 
 12.0000    4    4.000   1.0000          x2c2
 16.0000    0   14.000   1.0000          NULL 
 30.0000    1    4.000   1.0000          x1c1
 34.0000    0    8.000   1.0000          NULL 
 42.0000    3    4.000   1.0000          x1c2
 46.0000    0    6.000   1.0000          NULL 
 52.0000    1    4.000   1.0000          x1c1
 56.0000    0   10.000   1.0000          NULL 
 66.0000    2    4.000   1.0000          x2c1
 70.0000    0    6.000   1.0000          NULL 
 76.0000    3    4.000   1.0000          x1c2
 80.0000    0   14.000   1.0000          NULL 
 94.0000    3    4.000   1.0000          x1c2
 98.0000    0   10.000   1.0000          NULL 
108.0000    4    4.000   1.0000          x2c2
112.0000    0    8.000   1.0000          NULL 
120.0000    2    4.000   1.0000          x2c1
124.0000    0    2.000   1.0000          NULL 
126.0000    2    4.000   1.0000          x2c1
130.0000    0    8.000   1.0000          NULL 
138.0000    3    4.000   1.0000          x1c2
142.0000    0    6.000   1.0000          NULL 
148.0000    4    4.000   1.0000          x2c2
152.0000    0    8.000   1.0000          NULL 
160.0000    1    4.000   1.0000          x1c1
164.0000    0    8.000   1.0000          NULL 
172.0000    4    4.000   1.0000          x2c2
176.0000    0    6.000   1.0000          NULL 
182.0000    4    4.000   1.0000          x2c2
186.0000    0   12.000   1.0000          NULL 
198.0000    2    4.000   1.0000          x2c1
202.0000    0   10.000   1.0000          NULL 
212.0000    3    4.000   1.0000          x1c2
216.0000    0    8.000   1.0000          NULL 
224.0000    1    4.000   1.0000          x1c1
228.0000    0   12.000   1.0000          NULL 
