  0.0000    1    4.000   1.0000          x1c1
  4.0000    0   10.000   1.0000          NULL 
 14.0000    3    4.000   1.0000          x1c2
 18.0000    0    8.000   1.0000          NULL 
 26.0000    2    4.000   1.0000          x2c1
 30.0000    0    8.000   1.0000          NULL 
 38.0000    1    4.000   1.0000          x1c1
 42.0000    0    6.000   1.0000          NULL 
 48.0000    4    4.000   1.0000          x2c2
 52.0000    0    2.000   1.0000          NULL 
 54.0000    4    4.000   1.0000          x2c2
 58.0000    0    6.000   1.0000          NULL 
 64.0000    2    4.000   1.0000          x2c1
 68.0000    0    6.000   1.0000          NULL 
 74.0000    2    4.000   1.0000          x2c1
 78.0000    0    4.000   1.0000          NULL 
 82.0000    1    4.000   1.0000          x1c1
 86.0000    0    8.000   1.0000          NULL 
 94.0000    3    4.000   1.0000          x1c2
 98.0000    0    6.000   1.0000          NULL 
104.0000    3    4.000   1.0000          x1c2
108.0000    0   10.000   1.0000          NULL 
118.0000    2    4.000   1.0000          x2c1
122.0000    0   10.000   1.0000          NULL 
132.0000    4    4.000   1.0000          x2c2
136.0000    0   10.000   1.0000          NULL 
146.0000    3    4.000   1.0000          x1c2
150.0000    0    6.000   1.0000          NULL 
156.0000    1    4.000   1.0000          x1c1
160.0000    0   10.000   1.0000          NULL 
170.0000    1    4.000   1.0000          x1c1
174.0000    0    4.000   1.0000          NULL 
178.0000    2    4.000   1.0000          x2c1
182.0000    0    6.000   1.0000          NULL 
188.0000    4    4.000   1.0000          x2c2
192.0000    0   14.000   1.0000          NULL 
206.0000    3    4.000   1.0000          x1c2
210.0000    0   12.000   1.0000          NULL 
222.0000    4    4.000   1.0000          x2c2
226.0000    0   14.000   1.0000          NULL 
