  0.0000    1    4.000   1.0000          x1c1
  4.0000    0   12.000   1.0000          NULL 
 16.0000    3    4.000   1.0000          x1c2
 20.0000    0    4.000   1.0000          NULL 
 24.0000    3    4.000   1.0000          x1c2
 28.0000    0   12.000   1.0000          NULL 
 40.0000    3    4.000   1.0000          x1c2
 44.0000    0    6.000   1.0000          NULL 
 50.0000    2    4.000   1.0000          x2c1
 54.0000    0   12.000   1.0000          NULL 
 66.0000    3    4.000   1.0000          x1c2
 70.0000    0    8.000   1.0000          NULL 
 78.0000    4    4.000   1.0000          x2c2
 82.0000    0    4.000   1.0000          NULL 
 86.0000    1    4.000   1.0000          x1c1
 90.0000    0    2.000   1.0000          NULL 
 92.0000    2    4.000   1.0000          x2c1
 96.0000    0   12.000   1.0000          NULL 
108.0000    2    4.000   1.0000          x2c1
112.0000    0    4.000   1.0000          NULL 
116.0000    4    4.000   1.0000          x2c2
120.0000    0    6.000   1.0000          NULL 
126.0000    2    4.000   1.0000          x2c1
130.0000    0    2.000   1.0000          NULL 
132.0000    4    4.000   1.0000          x2c2
136.0000    0    6.000   1.0000          NULL 
142.0000    4    4.000   1.0000          x2c2
146.0000    0   14.000   1.0000          NULL 
160.0000    3    4.000   1.0000          x1c2
164.0000    0    8.000   1.0000          NULL 
172.0000    1    4.000   1.0000          x1c1
176.0000    0    6.000   1.0000          NULL 
182.0000    1    4.000   1.0000          x1c1
186.0000    0    8.000   1.0000          NULL 
194.0000    4    4.000   1.0000          x2c2
198.0000    0   12.000   1.0000          NULL 
210.0000    2    4.000   1.0000          x2c1
214.0000    0   10.000   1.0000          NULL 
224.0000    1    4.000   1.0000          x1c1
228.0000    0   12.000   1.0000          NULL 
