  0.0000    3    4.000   1.0000          x1c2
  4.0000    0    4.000   1.0000          NULL 
  8.0000    2    4.000   1.0000          x2c1
 12.0000    0    6.000   1.0000          NULL 
 18.0000    1    4.000   1.0000          x1c1
 22.0000    0   12.000   1.0000          NULL 
 34.0000    1    4.000   1.0000          x1c1
 38.0000    0    8.000   1.0000          NULL 
 46.0000    2    4.000   1.0000          x2c1
 50.0000    0    4.000   1.0000          NULL 
 54.0000    3    4.000   1.0000          x1c2
 58.0000    0    8.000   1.0000          NULL 
 66.0000    4    4.000   1.0000          x2c2
 70.0000    0   14.000   1.0000          NULL 
 84.0000    2    4.000   1.0000          x2c1
 88.0000    0    4.000   1.0000          NULL 
 92.0000    2    4.000   1.0000          x2c1
 96.0000    0   10.000   1.0000          NULL 
106.0000    1    4.000   1.0000          x1c1
110.0000    0    2.000   1.0000          NULL 
112.0000    4    4.000   1.0000          x2c2
116.0000    0    8.000   1.0000          NULL 
124.0000    2    4.000   1.0000          x2c1
128.0000    0    8.000   1.0000          NULL 
136.0000    3    4.000   1.0000          x1c2
140.0000    0   12.000   1.0000          NULL 
152.0000    3    4.000   1.0000          x1c2
156.0000    0   12.000   1.0000          NULL 
168.0000    3    4.000   1.0000          x1c2
172.0000    0   10.000   1.0000          NULL 
182.0000    4    4.000   1.0000          x2c2
186.0000    0   12.000   1.0000          NULL 
198.0000    4    4.000   1.0000          x2c2
202.0000    0    2.000   1.0000          NULL 
204.0000    4    4.000   1.0000          x2c2
208.0000    0    8.000   1.0000          NULL 
216.0000    1    4.000   1.0000          x1c1
220.0000    0    6.000   1.0000          NULL 
226.0000    1    4.000   1.0000          x1c1
230.0000    0   10.000   1.0000          NULL 
