  0.0000    1    4.000   1.0000          x1c1
  4.0000    0    6.000   1.0000          NULL 
 10.0000    4    4.000   1.0000          x2c2
 14.0000    0    4.000   1.0000          NULL 
 18.0000    1    4.000   1.0000          x1c1
 22.0000    0   10.000   1.0000          NULL 
 32.0000    3    4.000   1.0000          x1c2
 36.0000    0    8.000   1.0000          NULL 
 44.0000    4    4.000   1.0000          x2c2
 48.0000    0   10.000   1.0000          NULL 
 58.0000    3    4.000   1.0000          x1c2
 62.0000    0    2.000   1.0000          NULL 
 64.0000    1    4.000   1.0000          x1c1
 68.0000    0   14.000   1.0000          NULL 
 82.0000    2    4.000   1.0000          x2c1
 86.0000    0   10.000   1.0000          NULL 
 96.0000    2    4.000   1.0000          x2c1
100.0000    0    2.000   1.0000          NULL 
102.0000    3    4.000   1.0000          x1c2
106.0000    0   12.000   1.0000          NULL 
118.0000    3    4.000   1.0000          x1c2
122.0000    0    8.000   1.0000          NULL 
130.0000    4    4.000   1.0000          x2c2
134.0000    0   10.000   1.0000          NULL 
144.0000    4    4.000   1.0000          x2c2
148.0000    0   10.000   1.0000          NULL 
158.0000    4    4.000   1.0000          x2c2
162.0000    0    4.000   1.0000          NULL 
166.0000    2    4.000   1.0000          x2c1
170.0000    0   14.000   1.0000          NULL 
184.0000    1    4.000   1.0000          x1c1
188.0000    0   12.000   1.0000          NULL 
200.0000    1    4.000   1.0000          x1c1
204.0000    0    2.000   1.0000          NULL 
206.0000    2    4.000   1.0000          x2c1
210.0000    0    4.000   1.0000          NULL 
214.0000    3    4.000   1.0000          x1c2
218.0000    0    6.000   1.0000          NULL 
224.0000    2    4.000   1.0000          x2c1
228.0000    0   12.000   1.0000          NULL 
