  0.0000    3    4.000   1.0000          x1c2
  4.0000    0    4.000   1.0000          NULL 
  8.0000    3    4.000   1.0000          x1c2
 12.0000    0    6.000   1.0000          NULL 
 18.0000    4    4.000   1.0000          x2c2
 22.0000    0    2.000   1.0000          NULL 
 24.0000    2    4.000   1.0000          x2c1
 28.0000    0   12.000   1.0000          NULL 
 40.0000    1    4.000   1.0000          x1c1
 44.0000    0   10.000   1.0000          NULL 
 54.0000    2    4.000   1.0000          x2c1
 58.0000    0    6.000   1.0000          NULL 
 64.0000    3    4.000   1.0000          x1c2
 68.0000    0   10.000   1.0000          NULL 
 78.0000    2    4.000   1.0000          x2c1
 82.0000    0   12.000   1.0000          NULL 
 94.0000    3    4.000   1.0000          x1c2
 98.0000    0   12.000   1.0000          NULL 
110.0000    4    4.000   1.0000          x2c2
114.0000    0    8.000   1.0000          NULL 
122.0000    4    4.000   1.0000          x2c2
126.0000    0    4.000   1.0000          NULL 
130.0000    4    4.000   1.0000          x2c2
134.0000    0   14.000   1.0000          NULL 
148.0000    1    4.000   1.0000          x1c1
152.0000    0    4.000   1.0000          NULL 
156.0000    3    4.000   1.0000          x1c2
160.0000    0    8.000   1.0000          NULL 
168.0000    4    4.000   1.0000          x2c2
172.0000    0    4.000   1.0000          NULL 
176.0000    2    4.000   1.0000          x2c1
180.0000    0    6.000   1.0000          NULL 
186.0000    2    4.000   1.0000          x2c1
190.0000    0    2.000   1.0000          NULL 
192.0000    1    4.000   1.0000          x1c1
196.0000    0   12.000   1.0000          NULL 
208.0000    1    4.000   1.0000          x1c1
212.0000    0   14.000   1.0000          NULL 
226.0000    1    4.000   1.0000          x1c1
230.0000    0   10.000   1.0000          NULL 
