  0.0000    4    4.000   1.0000          x2c2
  4.0000    0    8.000   1.0000          NULL 
 12.0000    2    4.000   1.0000          x2c1
 16.0000    0    8.000   1.0000          NULL 
 24.0000    3    4.000   1.0000          x1c2
 28.0000    0    8.000   1.0000          NULL 
 36.0000    3    4.000   1.0000          x1c2
 40.0000    0    4.000   1.0000          NULL 
 44.0000    1    4.000   1.0000          x1c1
 48.0000    0   10.000   1.0000          NULL 
 58.0000    1    4.000   1.0000          x1c1
 62.0000    0    6.000   1.0000          NULL 
 68.0000    4    4.000   1.0000          x2c2
 72.0000    0   10.000   1.0000          NULL 
 82.0000    4    4.000   1.0000          x2c2
 86.0000    0   10.000   1.0000          NULL 
 96.0000    2    4.000   1.0000          x2c1
100.0000    0    8.000   1.0000          NULL 
108.0000    1    4.000   1.0000          x1c1
112.0000    0    2.000   1.0000          NULL 
114.0000    3    4.000   1.0000          x1c2
118.0000    0    8.000   1.0000          NULL 
126.0000    3    4.000   1.0000          x1c2
130.0000    0   10.000   1.0000          NULL 
140.0000    4    4.000   1.0000          x2c2
144.0000    0   14.000   1.0000          NULL 
158.0000    3    4.000   1.0000          x1c2
162.0000    0    2.000   1.0000          NULL 
164.0000    1    4.000   1.0000          x1c1
168.0000    0   12.000   1.0000          NULL 
180.0000    4    4.000   1.0000          x2c2
184.0000    0    4.000   1.0000          NULL 
188.0000    2    4.000   1.0000          x2c1
192.0000    0    8.000   1.0000          NULL 
200.0000    1    4.000   1.0000          x1c1
204.0000    0    2.000   1.0000          NULL 
206.0000    2    4.000   1.0000          x2c1
210.0000    0   14.000   1.0000          NULL 
224.0000    2    4.000   1.0000          x2c1
228.0000    0   12.000   1.0000          NULL 
