  0.0000    4    4.000   1.0000          x2c2
  4.0000    0   14.000   1.0000          NULL 
 18.0000    3    4.000   1.0000          x1c2
 22.0000    0   12.000   1.0000          NULL 
 34.0000    2    4.000   1.0000          x2c1
 38.0000    0    6.000   1.0000          NULL 
 44.0000    1    4.000   1.0000          x1c1
 48.0000    0   14.000   1.0000          NULL 
 62.0000    2    4.000   1.0000          x2c1
 66.0000    0    8.000   1.0000          NULL 
 74.0000    1    4.000   1.0000          x1c1
 78.0000    0    8.000   1.0000          NULL 
 86.0000    2    4.000   1.0000          x2c1
 90.0000    0    6.000   1.0000          NULL 
 96.0000    2    4.000   1.0000          x2c1
100.0000    0    8.000   1.0000          NULL 
108.0000    3    4.000   1.0000          x1c2
112.0000    0    6.000   1.0000          NULL 
118.0000    4    4.000   1.0000          x2c2
122.0000    0    4.000   1.0000          NULL 
126.0000    1    4.000   1.0000          x1c1
130.0000    0   12.000   1.0000          NULL 
142.0000    3    4.000   1.0000          x1c2
146.0000    0    6.000   1.0000          NULL 
152.0000    3    4.000   1.0000          x1c2
156.0000    0    8.000   1.0000          NULL 
164.0000    4    4.000   1.0000          x2c2
168.0000    0    6.000   1.0000          NULL 
174.0000    4    4.000   1.0000          x2c2
178.0000    0    4.000   1.0000          NULL 
182.0000    2    4.000   1.0000          x2c1
186.0000    0    2.000   1.0000          NULL 
188.0000    3    4.000   1.0000          x1c2
192.0000    0    4.000   1.0000          NULL 
196.0000    1    4.000   1.0000          x1c1
200.0000    0    6.000   1.0000          NULL 
206.0000    4    4.000   1.0000          x2c2
210.0000    0   10.000   1.0000          NULL 
220.0000    1    4.000   1.0000          x1c1
224.0000    0   16.000   1.0000          NULL 
