  0.0000    3    4.000   1.0000          x1c2
  4.0000    0    6.000   1.0000          NULL 
 10.0000    1    4.000   1.0000          x1c1
 14.0000    0    8.000   1.0000          NULL 
 22.0000    2    4.000   1.0000          x2c1
 26.0000    0    2.000   1.0000          NULL 
 28.0000    4    4.000   1.0000          x2c2
 32.0000    0   10.000   1.0000          NULL 
 42.0000    1    4.000   1.0000          x1c1
 46.0000    0    4.000   1.0000          NULL 
 50.0000    3    4.000   1.0000          x1c2
 54.0000    0   12.000   1.0000          NULL 
 66.0000    3    4.000   1.0000          x1c2
 70.0000    0   12.000   1.0000          NULL 
 82.0000    4    4.000   1.0000          x2c2
 86.0000    0    4.000   1.0000          NULL 
 90.0000    2    4.000   1.0000          x2c1
 94.0000    0   10.000   1.0000          NULL 
104.0000    2    4.000   1.0000          x2c1
108.0000    0    2.000   1.0000          NULL 
110.0000    1    4.000   1.0000          x1c1
114.0000    0    2.000   1.0000          NULL 
116.0000    2    4.000   1.0000          x2c1
120.0000    0   12.000   1.0000          NULL 
132.0000    3    4.000   1.0000          x1c2
136.0000    0   12.000   1.0000          NULL 
148.0000    4    4.000   1.0000          x2c2
152.0000    0    4.000   1.0000          NULL 
156.0000    4    4.000   1.0000          x2c2
160.0000    0    6.000   1.0000          NULL 
166.0000    4    4.000   1.0000          x2c2
170.0000    0   10.000   1.0000          NULL 
180.0000    1    4.000   1.0000          x1c1
184.0000    0   12.000   1.0000          NULL 
196.0000    1    4.000   1.0000          x1c1
200.0000    0   12.000   1.0000          NULL 
212.0000    2    4.000   1.0000          x2c1
216.0000    0    8.000   1.0000          NULL 
224.0000    3    4.000   1.0000          x1c2
228.0000    0   12.000   1.0000          NULL 
