  0.0000    2    4.000   1.0000          x2c1
  4.0000    0   10.000   1.0000          NULL 
 14.0000    2    4.000   1.0000          x2c1
 18.0000    0    4.000   1.0000          NULL 
 22.0000    3    4.000   1.0000          x1c2
 26.0000    0   10.000   1.0000          NULL 
 36.0000    2    4.000   1.0000          x2c1
 40.0000    0   12.000   1.0000          NULL 
 52.0000    4    4.000   1.0000          x2c2
 56.0000    0    8.000   1.0000          NULL 
 64.0000    2    4.000   1.0000          x2c1
 68.0000    0    6.000   1.0000          NULL 
 74.0000    3    4.000   1.0000          x1c2
 78.0000    0   12.000   1.0000          NULL 
 90.0000    3    4.000   1.0000          x1c2
 94.0000    0   10.000   1.0000          NULL 
104.0000    3    4.000   1.0000          x1c2
108.0000    0    4.000   1.0000          NULL 
112.0000    4    4.000   1.0000          x2c2
116.0000    0   12.000   1.0000          NULL 
128.0000    1    4.000   1.0000          x1c1
132.0000    0    4.000   1.0000          NULL 
136.0000    2    4.000   1.0000          x2c1
140.0000    0    6.000   1.0000          NULL 
146.0000    1    4.000   1.0000          x1c1
150.0000    0    6.000   1.0000          NULL 
156.0000    1    4.000   1.0000          x1c1
160.0000    0   14.000   1.0000          NULL 
174.0000    4    4.000   1.0000          x2c2
178.0000    0    6.000   1.0000          NULL 
184.0000    4    4.000   1.0000          x2c2
188.0000    0   14.000   1.0000          NULL 
202.0000    1    4.000   1.0000          x1c1
206.0000    0    4.000   1.0000          NULL 
210.0000    1    4.000   1.0000          x1c1
214.0000    0    6.000   1.0000          NULL 
220.0000    3    4.000   1.0000          x1c2
224.0000    0    2.000   1.0000          NULL 
226.0000    4    4.000   1.0000          x2c2
230.0000    0   10.000   1.0000          NULL 
