  0.0000    4    4.000   1.0000          x2c2
  4.0000    0   10.000   1.0000          NULL 
 14.0000    3    4.000   1.0000          x1c2
 18.0000    0    4.000   1.0000          NULL 
 22.0000    1    4.000   1.0000          x1c1
 26.0000    0    6.000   1.0000          NULL 
 32.0000    3    4.000   1.0000          x1c2
 36.0000    0    4.000   1.0000          NULL 
 40.0000    2    4.000   1.0000          x2c1
 44.0000    0    2.000   1.0000          NULL 
 46.0000    2    4.000   1.0000          x2c1
 50.0000    0    2.000   1.0000          NULL 
 52.0000    4    4.000   1.0000          x2c2
 56.0000    0    8.000   1.0000          NULL 
 64.0000    3    4.000   1.0000          x1c2
 68.0000    0    6.000   1.0000          NULL 
 74.0000    3    4.000   1.0000          x1c2
 78.0000    0    8.000   1.0000          NULL 
 86.0000    2    4.000   1.0000          x2c1
 90.0000    0    6.000   1.0000          NULL 
 96.0000    4    4.000   1.0000          x2c2
100.0000    0    8.000   1.0000          NULL 
108.0000    4    4.000   1.0000          x2c2
112.0000    0    6.000   1.0000          NULL 
118.0000    3    4.000   1.0000          x1c2
122.0000    0   12.000   1.0000          NULL 
134.0000    1    4.000   1.0000          x1c1
138.0000    0   10.000   1.0000          NULL 
148.0000    2    4.000   1.0000          x2c1
152.0000    0   14.000   1.0000          NULL 
166.0000    1    4.000   1.0000          x1c1
170.0000    0   12.000   1.0000          NULL 
182.0000    2    4.000   1.0000          x2c1
186.0000    0   14.000   1.0000          NULL 
200.0000    4    4.000   1.0000          x2c2
204.0000    0   12.000   1.0000          NULL 
216.0000    1    4.000   1.0000          x1c1
220.0000    0    6.000   1.0000          NULL 
226.0000    1    4.000   1.0000          x1c1
230.0000    0   10.000   1.0000          NULL 
