  0.0000    4    4.000   1.0000          x2c2
  4.0000    0    8.000   1.0000          NULL 
 12.0000    2    4.000   1.0000          x2c1
 16.0000    0    2.000   1.0000          NULL 
 18.0000    1    4.000   1.0000          x1c1
 22.0000    0    8.000   1.0000          NULL 
 30.0000    2    4.000   1.0000          x2c1
 34.0000    0   12.000   1.0000          NULL 
 46.0000    4    4.000   1.0000          x2c2
 50.0000    0    8.000   1.0000          NULL 
 58.0000    3    4.000   1.0000          x1c2
 62.0000    0   12.000   1.0000          NULL 
 74.0000    2    4.000   1.0000          x2c1
 78.0000    0    8.000   1.0000          NULL 
 86.0000    3    4.000   1.0000          x1c2
 90.0000    0    4.000   1.0000          NULL 
 94.0000    4    4.000   1.0000          x2c2
 98.0000    0    4.000   1.0000          NULL 
102.0000    2    4.000   1.0000          x2c1
106.0000    0    6.000   1.0000          NULL 
112.0000    3    4.000   1.0000          x1c2
116.0000    0    8.000   1.0000          NULL 
124.0000    4    4.000   1.0000          x2c2
128.0000    0   14.000   1.0000          NULL 
142.0000    2    4.000   1.0000          x2c1
146.0000    0   10.000   1.0000          NULL 
156.0000    1    4.000   1.0000          x1c1
160.0000    0    6.000   1.0000          NULL 
166.0000    1    4.000   1.0000          x1c1
170.0000    0    4.000   1.0000          NULL 
174.0000    1    4.000   1.0000          x1c1
178.0000    0    6.000   1.0000          NULL 
184.0000    3    4.000   1.0000          x1c2
188.0000    0   10.000   1.0000          NULL 
198.0000    1    4.000   1.0000          x1c1
202.0000    0    8.000   1.0000          NULL 
210.0000    3    4.000   1.0000          x1c2
214.0000    0    8.000   1.0000          NULL 
222.0000    4    4.000   1.0000          x2c2
226.0000    0   14.000   1.0000          NULL 
