  0.0000    2    4.000   1.0000          x2c1
  4.0000    0   12.000   1.0000          NULL 
 16.0000    4    4.000   1.0000          x2c2
 20.0000    0   12.000   1.0000          NULL 
 32.0000    3    4.000   1.0000          x1c2
 36.0000    0    6.000   1.0000          NULL 
 42.0000    1    4.000   1.0000          x1c1
 46.0000    0    2.000   1.0000          NULL 
 48.0000    2    4.000   1.0000          x2c1
 52.0000    0    6.000   1.0000          NULL 
 58.0000    3    4.000   1.0000          x1c2
 62.0000    0    2.000   1.0000          NULL 
 64.0000    4    4.000   1.0000          x2c2
 68.0000    0   12.000   1.0000          NULL 
 80.0000    4    4.000   1.0000          x2c2
 84.0000    0    6.000   1.0000          NULL 
 90.0000    1    4.000   1.0000          x1c1
 94.0000    0   10.000   1.0000          NULL 
104.0000    3    4.000   1.0000          x1c2
108.0000    0    8.000   1.0000          NULL 
116.0000    1    4.000   1.0000          x1c1
120.0000    0    8.000   1.0000          NULL 
128.0000    3    4.000   1.0000          x1c2
132.0000    0    8.000   1.0000          NULL 
140.0000    3    4.000   1.0000          x1c2
144.0000    0   12.000   1.0000          NULL 
156.0000    4    4.000   1.0000          x2c2
160.0000    0    6.000   1.0000          NULL 
166.0000    4    4.000   1.0000          x2c2
170.0000    0    4.000   1.0000          NULL 
174.0000    2    4.000   1.0000          x2c1
178.0000    0   12.000   1.0000          NULL 
190.0000    2    4.000   1.0000          x2c1
194.0000    0    2.000   1.0000          NULL 
196.0000    2    4.000   1.0000          x2c1
200.0000    0   10.000   1.0000          NULL 
210.0000    1    4.000   1.0000          x1c1
214.0000    0    8.000   1.0000          NULL 
222.0000    1    4.000   1.0000          x1c1
226.0000    0   14.000   1.0000          NULL 
