  0.0000    3    4.000   1.0000          x1c2
  4.0000    0    4.000   1.0000          NULL 
  8.0000    3    4.000   1.0000          x1c2
 12.0000    0   14.000   1.0000          NULL 
 26.0000    2    4.000   1.0000          x2c1
 30.0000    0    8.000   1.0000          NULL 
 38.0000    2    4.000   1.0000          x2c1
 42.0000    0   12.000   1.0000          NULL 
 54.0000    4    4.000   1.0000          x2c2
 58.0000    0    4.000   1.0000          NULL 
 62.0000    1    4.000   1.0000          x1c1
 66.0000    0    8.000   1.0000          NULL 
 74.0000    2    4.000   1.0000          x2c1
 78.0000    0   10.000   1.0000          NULL 
 88.0000    1    4.000   1.0000          x1c1
 92.0000    0    8.000   1.0000          NULL 
100.0000    4    4.000   1.0000          x2c2
104.0000    0   14.000   1.0000          NULL 
118.0000    4    4.000   1.0000          x2c2
122.0000    0    6.000   1.0000          NULL 
128.0000    4    4.000   1.0000          x2c2
132.0000    0   10.000   1.0000          NULL 
142.0000    4    4.000   1.0000          x2c2
146.0000    0    4.000   1.0000          NULL 
150.0000    2    4.000   1.0000          x2c1
154.0000    0    8.000   1.0000          NULL 
162.0000    1    4.000   1.0000          x1c1
166.0000    0   10.000   1.0000          NULL 
176.0000    3    4.000   1.0000          x1c2
180.0000    0    8.000   1.0000          NULL 
188.0000    1    4.000   1.0000          x1c1
192.0000    0    6.000   1.0000          NULL 
198.0000    1    4.000   1.0000          x1c1
202.0000    0    2.000   1.0000          NULL 
204.0000    2    4.000   1.0000          x2c1
208.0000    0    2.000   1.0000          NULL 
210.0000    3    4.000   1.0000          x1c2
214.0000    0    8.000   1.0000          NULL 
222.0000    3    4.000   1.0000          x1c2
226.0000    0   14.000   1.0000          NULL 
