  0.0000    3    4.000   1.0000          x1c2
  4.0000    0    2.000   1.0000          NULL 
  6.0000    2    4.000   1.0000          x2c1
 10.0000    0    6.000   1.0000          NULL 
 16.0000    2    4.000   1.0000          x2c1
 20.0000    0   12.000   1.0000          NULL 
 32.0000    4    4.000   1.0000          x2c2
 36.0000    0    8.000   1.0000          NULL 
 44.0000    1    4.000   1.0000          x1c1
 48.0000    0    8.000   1.0000          NULL 
 56.0000    1    4.000   1.0000          x1c1
 60.0000    0    6.000   1.0000          NULL 
 66.0000    4    4.000   1.0000          x2c2
 70.0000    0    6.000   1.0000          NULL 
 76.0000    4    4.000   1.0000          x2c2
 80.0000    0   12.000   1.0000          NULL 
 92.0000    2    4.000   1.0000          x2c1
 96.0000    0   12.000   1.0000          NULL 
108.0000    3    4.000   1.0000          x1c2
112.0000    0    6.000   1.0000          NULL 
118.0000    3    4.000   1.0000          x1c2
122.0000    0    8.000   1.0000          NULL 
130.0000    3    4.000   1.0000          x1c2
134.0000    0    2.000   1.0000          NULL 
136.0000    4    4.000   1.0000          x2c2
140.0000    0    4.000   1.0000          NULL 
144.0000    1    4.000   1.0000          x1c1
148.0000    0    6.000   1.0000          NULL 
154.0000    2    4.000   1.0000          x2c1
158.0000    0    8.000   1.0000          NULL 
166.0000    1    4.000   1.0000          x1c1
170.0000    0    6.000   1.0000          NULL 
176.0000    3    4.000   1.0000          x1c2
180.0000    0    8.000   1.0000          NULL 
188.0000    4    4.000   1.0000          x2c2
192.0000    0   14.000   1.0000          NULL 
206.0000    1    4.000   1.0000          x1c1
210.0000    0    8.000   1.0000          NULL 
218.0000    2    4.000   1.0000          x2c1
222.0000    0   18.000   1.0000          NULL 
