  0.0000    2    4.000   1.0000          x2c1
  4.0000    0   14.000   1.0000          NULL 
 18.0000    4    4.000   1.0000          x2c2
 22.0000    0    6.000   1.0000          NULL 
 28.0000    1    4.000   1.0000          x1c1
 32.0000    0    8.000   1.0000          NULL 
 40.0000    4    4.000   1.0000          x2c2
 44.0000    0   10.000   1.0000          NULL 
 54.0000    3    4.000   1.0000          x1c2
 58.0000    0   12.000   1.0000          NULL 
 70.0000    2    4.000   1.0000          x2c1
 74.0000    0    6.000   1.0000          NULL 
 80.0000    2    4.000   1.0000          x2c1
 84.0000    0   10.000   1.0000          NULL 
 94.0000    4    4.000   1.0000          x2c2
 98.0000    0   10.000   1.0000          NULL 
108.0000    2    4.000   1.0000          x2c1
112.0000    0    8.000   1.0000          NULL 
120.0000    3    4.000   1.0000          x1c2
124.0000    0    4.000   1.0000          NULL 
128.0000    3    4.000   1.0000          x1c2
132.0000    0   12.000   1.0000          NULL 
144.0000    3    4.000   1.0000          x1c2
148.0000    0    2.000   1.0000          NULL 
150.0000    4    4.000   1.0000          x2c2
154.0000    0    4.000   1.0000          NULL 
158.0000    4    4.000   1.0000          x2c2
162.0000    0    2.000   1.0000          NULL 
164.0000    2    4.000   1.0000          x2c1
168.0000    0   10.000   1.0000          NULL 
178.0000    1    4.000   1.0000          x1c1
182.0000    0    6.000   1.0000          NULL 
188.0000    1    4.000   1.0000          x1c1
192.0000    0   10.000   1.0000          NULL 
202.0000    1    4.000   1.0000          x1c1
206.0000    0    8.000   1.0000          NULL 
214.0000    1    4.000   1.0000          x1c1
218.0000    0    4.000   1.0000          NULL 
222.0000    3    4.000   1.0000          x1c2
226.0000    0   14.000   1.0000          NULL 
