  0.0000    2    4.000   1.0000          x2c1
  4.0000    0    2.000   1.0000          NULL 
  6.0000    3    4.000   1.0000          x1c2
 10.0000    0    2.000   1.0000          NULL 
 12.0000    1    4.000   1.0000          x1c1
 16.0000    0    2.000   1.0000          NULL 
 18.0000    2    4.000   1.0000          x2c1
 22.0000    0   10.000   1.0000          NULL 
 32.0000    2    4.000   1.0000          x2c1
 36.0000    0    8.000   1.0000          NULL 
 44.0000    2    4.000   1.0000          x2c1
 48.0000    0   14.000   1.0000          NULL 
 62.0000    1    4.000   1.0000          x1c1
 66.0000    0    6.000   1.0000          NULL 
 72.0000    1    4.000   1.0000          x1c1
 76.0000    0   10.000   1.0000          NULL 
 86.0000    4    4.000   1.0000          x2c2
 90.0000    0    8.000   1.0000          NULL 
 98.0000    4    4.000   1.0000          x2c2
102.0000    0   10.000   1.0000          NULL 
112.0000    3    4.000   1.0000          x1c2
116.0000    0    4.000   1.0000          NULL 
120.0000    3    4.000   1.0000          x1c2
124.0000    0    6.000   1.0000          NULL 
130.0000    4    4.000   1.0000          x2c2
134.0000    0   10.000   1.0000          NULL 
144.0000    4    4.000   1.0000          x2c2
148.0000    0    2.000   1.0000          NULL 
150.0000    3    4.000   1.0000          x1c2
154.0000    0   10.000   1.0000          NULL 
164.0000    1    4.000   1.0000          x1c1
168.0000    0   14.000   1.0000          NULL 
182.0000    1    4.000   1.0000          x1c1
186.0000    0    8.000   1.0000          NULL 
194.0000    4    4.000   1.0000          x2c2
198.0000    0   10.000   1.0000          NULL 
208.0000    2    4.000   1.0000          x2c1
212.0000    0   14.000   1.0000          NULL 
226.0000    3    4.000   1.0000          x1c2
230.0000    0   10.000   1.0000          NULL 
