  0.0000    2    4.000   1.0000          x2c1
  4.0000    0    4.000   1.0000          NULL 
  8.0000    2    4.000   1.0000          x2c1
 12.0000    0    6.000   1.0000          NULL 
 18.0000    2    4.000   1.0000          x2c1
 22.0000    0    6.000   1.0000          NULL 
 28.0000    4    4.000   1.0000          x2c2
 32.0000    0    6.000   1.0000          NULL 
 38.0000    3    4.000   1.0000          x1c2
 42.0000    0    8.000   1.0000          NULL 
 50.0000    1    4.000   1.0000          x1c1
 54.0000    0   12.000   1.0000          NULL 
 66.0000    2    4.000   1.0000          x2c1
 70.0000    0   14.000   1.0000          NULL 
 84.0000    3    4.000   1.0000          x1c2
 88.0000    0    2.000   1.0000          NULL 
 90.0000    1    4.000   1.0000          x1c1
 94.0000    0    4.000   1.0000          NULL 
 98.0000    3    4.000   1.0000          x1c2
102.0000    0    8.000   1.0000          NULL 
110.0000    2    4.000   1.0000          x2c1
114.0000    0    6.000   1.0000          NULL 
120.0000    1    4.000   1.0000          x1c1
124.0000    0   12.000   1.0000          NULL 
136.0000    4    4.000   1.0000          x2c2
140.0000    0   14.000   1.0000          NULL 
154.0000    4    4.000   1.0000          x2c2
158.0000    0   10.000   1.0000          NULL 
168.0000    1    4.000   1.0000          x1c1
172.0000    0    6.000   1.0000          NULL 
178.0000    3    4.000   1.0000          x1c2
182.0000    0   10.000   1.0000          NULL 
192.0000    1    4.000   1.0000          x1c1
196.0000    0    6.000   1.0000          NULL 
202.0000    4    4.000   1.0000          x2c2
206.0000    0    4.000   1.0000          NULL 
210.0000    3    4.000   1.0000          x1c2
214.0000    0    8.000   1.0000          NULL 
222.0000    4    4.000   1.0000          x2c2
226.0000    0   14.000   1.0000          NULL 
