  0.0000    3    4.000   1.0000          x1c2
  4.0000    0    2.000   1.0000          NULL 
  6.0000    1    4.000   1.0000          x1c1
 10.0000    0   12.000   1.0000          NULL 
 22.0000    1    4.000   1.0000          x1c1
 26.0000    0    4.000   1.0000          NULL 
 30.0000    1    4.000   1.0000          x1c1
 34.0000    0    8.000   1.0000          NULL 
 42.0000    3    4.000   1.0000          x1c2
 46.0000    0   10.000   1.0000          NULL 
 56.0000    2    4.000   1.0000          x2c1
 60.0000    0    8.000   1.0000          NULL 
 68.0000    3    4.000   1.0000          x1c2
 72.0000    0   14.000   1.0000          NULL 
 86.0000    4    4.000   1.0000          x2c2
 90.0000    0    2.000   1.0000          NULL 
 92.0000    3    4.000   1.0000          x1c2
 96.0000    0    4.000   1.0000          NULL 
100.0000    4    4.000   1.0000          x2c2
104.0000    0    8.000   1.0000          NULL 
112.0000    2    4.000   1.0000          x2c1
116.0000    0   14.000   1.0000          NULL 
130.0000    4    4.000   1.0000          x2c2
134.0000    0    4.000   1.0000          NULL 
138.0000    2    4.000   1.0000          x2c1
142.0000    0   12.000   1.0000          NULL 
154.0000    1    4.000   1.0000          x1c1
158.0000    0   10.000   1.0000          NULL 
168.0000    1    4.000   1.0000          x1c1
172.0000    0   12.000   1.0000          NULL 
184.0000    3    4.000   1.0000          x1c2
188.0000    0    6.000   1.0000          NULL 
194.0000    4    4.000   1.0000          x2c2
198.0000    0    8.000   1.0000          NULL 
206.0000    4    4.000   1.0000          x2c2
210.0000    0   10.000   1.0000          NULL 
220.0000    2    4.000   1.0000          x2c1
224.0000    0    2.000   1.0000          NULL 
226.0000    2    4.000   1.0000          x2c1
230.0000    0   10.000   1.0000          NULL 
