  0.0000    3    4.000   1.0000          x1c2
  4.0000    0    6.000   1.0000          NULL 
 10.0000    1    4.000   1.0000          x1c1
 14.0000    0    6.000   1.0000          NULL 
 20.0000    1    4.000   1.0000          x1c1
 24.0000    0   12.000   1.0000          NULL 
 36.0000    3    4.000   1.0000          x1c2
 40.0000    0   10.000   1.0000          NULL 
 50.0000    4    4.000   1.0000          x2c2
 54.0000    0    6.000   1.0000          NULL 
 60.0000    2    4.000   1.0000          x2c1
 64.0000    0    4.000   1.0000          NULL 
 68.0000    3    4.000   1.0000          x1c2
 72.0000    0    2.000   1.0000          NULL 
 74.0000    2    4.000   1.0000          x2c1
 78.0000    0   14.000   1.0000          NULL 
 92.0000    4    4.000   1.0000          x2c2
 96.0000    0    4.000   1.0000          NULL 
100.0000    2    4.000   1.0000          x2c1
104.0000    0    8.000   1.0000          NULL 
112.0000    2    4.000   1.0000          x2c1
116.0000    0    8.000   1.0000          NULL 
124.0000    4    4.000   1.0000          x2c2
128.0000    0    8.000   1.0000          NULL 
136.0000    3    4.000   1.0000          x1c2
140.0000    0    6.000   1.0000          NULL 
146.0000    2    4.000   1.0000          x2c1
150.0000    0    8.000   1.0000          NULL 
158.0000    4    4.000   1.0000          x2c2
162.0000    0    2.000   1.0000          NULL 
164.0000    1    4.000   1.0000          x1c1
168.0000    0   10.000   1.0000          NULL 
178.0000    1    4.000   1.0000          x1c1
182.0000    0    8.000   1.0000          NULL 
190.0000    3    4.000   1.0000          x1c2
194.0000    0   12.000   1.0000          NULL 
206.0000    4    4.000   1.0000          x2c2
210.0000    0   10.000   1.0000          NULL 
220.0000    1    4.000   1.0000          x1c1
224.0000    0   16.000   1.0000          NULL 
