  0.0000    3    4.000   1.0000          x1c2
  4.0000    0   12.000   1.0000          NULL 
 16.0000    2    4.000   1.0000          x2c1
 20.0000    0    4.000   1.0000          NULL 
 24.0000    2    4.000   1.0000          x2c1
 28.0000    0    8.000   1.0000          NULL 
 36.0000    3    4.000   1.0000          x1c2
 40.0000    0    2.000   1.0000          NULL 
 42.0000    4    4.000   1.0000          x2c2
 46.0000    0    6.000   1.0000          NULL 
 52.0000    1    4.000   1.0000          x1c1
 56.0000    0    8.000   1.0000          NULL 
 64.0000    2    4.000   1.0000          x2c1
 68.0000    0    8.000   1.0000          NULL 
 76.0000    1    4.000   1.0000          x1c1
 80.0000    0    6.000   1.0000          NULL 
 86.0000    1    4.000   1.0000          x1c1
 90.0000    0    6.000   1.0000          NULL 
 96.0000    3    4.000   1.0000          x1c2
100.0000    0    8.000   1.0000          NULL 
108.0000    4    4.000   1.0000          x2c2
112.0000    0    2.000   1.0000          NULL 
114.0000    4    4.000   1.0000          x2c2
118.0000    0   14.000   1.0000          NULL 
132.0000    1    4.000   1.0000          x1c1
136.0000    0   14.000   1.0000          NULL 
150.0000    4    4.000   1.0000          x2c2
154.0000    0   10.000   1.0000          NULL 
164.0000    1    4.000   1.0000          x1c1
168.0000    0   14.000   1.0000          NULL 
182.0000    3    4.000   1.0000          x1c2
186.0000    0    2.000   1.0000          NULL 
188.0000    2    4.000   1.0000          x2c1
192.0000    0    8.000   1.0000          NULL 
200.0000    2    4.000   1.0000          x2c1
204.0000    0    8.000   1.0000          NULL 
212.0000    4    4.000   1.0000          x2c2
216.0000    0   10.000   1.0000          NULL 
226.0000    3    4.000   1.0000          x1c2
230.0000    0   10.000   1.0000          NULL 
