  0.0000    1    4.000   1.0000          x1c1
  4.0000    0    6.000   1.0000          NULL 
 10.0000    3    4.000   1.0000          x1c2
 14.0000    0    8.000   1.0000          NULL 
 22.0000    4    4.000   1.0000          x2c2
 26.0000    0    8.000   1.0000          NULL 
 34.0000    2    4.000   1.0000          x2c1
 38.0000    0    8.000   1.0000          NULL 
 46.0000    3    4.000   1.0000          x1c2
 50.0000    0    4.000   1.0000          NULL 
 54.0000    4    4.000   1.0000          x2c2
 58.0000    0    8.000   1.0000          NULL 
 66.0000    1    4.000   1.0000          x1c1
 70.0000    0    6.000   1.0000          NULL 
 76.0000    1    4.000   1.0000          x1c1
 80.0000    0   12.000   1.0000          NULL 
 92.0000    4    4.000   1.0000          x2c2
 96.0000    0   12.000   1.0000          NULL 
108.0000    4    4.000   1.0000          x2c2
112.0000    0    6.000   1.0000          NULL 
118.0000    2    4.000   1.0000          x2c1
122.0000    0   14.000   1.0000          NULL 
136.0000    1    4.000   1.0000          x1c1
140.0000    0    8.000   1.0000          NULL 
148.0000    3    4.000   1.0000          x1c2
152.0000    0   14.000   1.0000          NULL 
166.0000    3    4.000   1.0000          x1c2
170.0000    0    8.000   1.0000          NULL 
178.0000    4    4.000   1.0000          x2c2
182.0000    0    2.000   1.0000          NULL 
184.0000    2    4.000   1.0000          x2c1
188.0000    0    6.000   1.0000          NULL 
194.0000    2    4.000   1.0000          x2c1
198.0000    0    6.000   1.0000          NULL 
204.0000    1    4.000   1.0000          x1c1
208.0000    0    8.000   1.0000          NULL 
216.0000    2    4.000   1.0000          x2c1
220.0000    0    6.000   1.0000          NULL 
226.0000    3    4.000   1.0000          x1c2
230.0000    0   10.000   1.0000          NULL 
