  0.0000    1    4.000   1.0000          x1c1
  4.0000    0    8.000   1.0000          NULL 
 12.0000    3    4.000   1.0000          x1c2
 16.0000    0    4.000   1.0000          NULL 
 20.0000    3    4.000   1.0000          x1c2
 24.0000    0   12.000   1.0000          NULL 
 36.0000    1    4.000   1.0000          x1c1
 40.0000    0    4.000   1.0000          NULL 
 44.0000    4    4.000   1.0000          x2c2
 48.0000    0   10.000   1.0000          NULL 
 58.0000    3    4.000   1.0000          x1c2
 62.0000    0    6.000   1.0000          NULL 
 68.0000    4    4.000   1.0000          x2c2
 72.0000    0    2.000   1.0000          NULL 
 74.0000    2    4.000   1.0000          x2c1
 78.0000    0    6.000   1.0000          NULL 
 84.0000    2    4.000   1.0000          x2c1
 88.0000    0    8.000   1.0000          NULL 
 96.0000    3    4.000   1.0000          x1c2
100.0000    0    6.000   1.0000          NULL 
106.0000    2    4.000   1.0000          x2c1
110.0000    0    4.000   1.0000          NULL 
114.0000    1    4.000   1.0000          x1c1
118.0000    0    8.000   1.0000          NULL 
126.0000    1    4.000   1.0000          x1c1
130.0000    0   12.000   1.0000          NULL 
142.0000    4    4.000   1.0000          x2c2
146.0000    0   12.000   1.0000          NULL 
158.0000    1    4.000   1.0000          x1c1
162.0000    0    6.000   1.0000          NULL 
168.0000    2    4.000   1.0000          x2c1
172.0000    0   14.000   1.0000          NULL 
186.0000    4    4.000   1.0000          x2c2
190.0000    0   14.000   1.0000          NULL 
204.0000    4    4.000   1.0000          x2c2
208.0000    0   10.000   1.0000          NULL 
218.0000    3    4.000   1.0000          x1c2
222.0000    0    4.000   1.0000          NULL 
226.0000    2    4.000   1.0000          x2c1
230.0000    0   10.000   1.0000          NULL 
