  0.0000    4    4.000   1.0000          x2c2
  4.0000    0    2.000   1.0000          NULL 
  6.0000    3    4.000   1.0000          x1c2
 10.0000    0   12.000   1.0000          NULL 
 22.0000    4    4.000   1.0000          x2c2
 26.0000    0    2.000   1.0000          NULL 
 28.0000    1    4.000   1.0000          x1c1
 32.0000    0   12.000   1.0000          NULL 
 44.0000    2    4.000   1.0000          x2c1
 48.0000    0   12.000   1.0000          NULL 
 60.0000    1    4.000   1.0000          x1c1
 64.0000    0   14.000   1.0000          NULL 
 78.0000    4    4.000   1.0000          x2c2
 82.0000    0   14.000   1.0000          NULL 
 96.0000    2    4.000   1.0000          x2c1
100.0000    0    6.000   1.0000          NULL 
106.0000    1    4.000   1.0000          x1c1
110.0000    0    6.000   1.0000          NULL 
116.0000    3    4.000   1.0000          x1c2
120.0000    0    8.000   1.0000          NULL 
128.0000    3    4.000   1.0000          x1c2
132.0000    0    8.000   1.0000          NULL 
140.0000    4    4.000   1.0000          x2c2
144.0000    0   10.000   1.0000          NULL 
154.0000    3    4.000   1.0000          x1c2
158.0000    0    8.000   1.0000          NULL 
166.0000    2    4.000   1.0000          x2c1
170.0000    0    8.000   1.0000          NULL 
178.0000    1    4.000   1.0000          x1c1
182.0000    0    2.000   1.0000          NULL 
184.0000    3    4.000   1.0000          x1c2
188.0000    0    4.000   1.0000          NULL 
192.0000    2    4.000   1.0000          x2c1
196.0000    0    6.000   1.0000          NULL 
202.0000    4    4.000   1.0000          x2c2
206.0000    0   12.000   1.0000          NULL 
218.0000    2    4.000   1.0000          x2c1
222.0000    0    4.000   1.0000          NULL 
226.0000    1    4.000   1.0000          x1c1
230.0000    0   10.000   1.0000          NULL 
