  0.0000    4    4.000   1.0000          x2c2
  4.0000    0    2.000   1.0000          NULL 
  6.0000    1    4.000   1.0000          x1c1
 10.0000    0    8.000   1.0000          NULL 
 18.0000    2    4.000   1.0000          x2c1
 22.0000    0    8.000   1.0000          NULL 
 30.0000    2    4.000   1.0000          x2c1
 34.0000    0   10.000   1.0000          NULL 
 44.0000    4    4.000   1.0000          x2c2
 48.0000    0    4.000   1.0000          NULL 
 52.0000    3    4.000   1.0000          x1c2
 56.0000    0   10.000   1.0000          NULL 
 66.0000    4    4.000   1.0000          x2c2
 70.0000    0    2.000   1.0000          NULL 
 72.0000    2    4.000   1.0000          x2c1
 76.0000    0    8.000   1.0000          NULL 
 84.0000    1    4.000   1.0000          x1c1
 88.0000    0    6.000   1.0000          NULL 
 94.0000    3    4.000   1.0000          x1c2
 98.0000    0    8.000   1.0000          NULL 
106.0000    3    4.000   1.0000          x1c2
110.0000    0    6.000   1.0000          NULL 
116.0000    1    4.000   1.0000          x1c1
120.0000    0   10.000   1.0000          NULL 
130.0000    3    4.000   1.0000          x1c2
134.0000    0    8.000   1.0000          NULL 
142.0000    4    4.000   1.0000          x2c2
146.0000    0    4.000   1.0000          NULL 
150.0000    2    4.000   1.0000          x2c1
154.0000    0   12.000   1.0000          NULL 
166.0000    2    4.000   1.0000          x2c1
170.0000    0   10.000   1.0000          NULL 
180.0000    4    4.000   1.0000          x2c2
184.0000    0   12.000   1.0000          NULL 
196.0000    3    4.000   1.0000          x1c2
200.0000    0    6.000   1.0000          NULL 
206.0000    1    4.000   1.0000          x1c1
210.0000    0   12.000   1.0000          NULL 
222.0000    1    4.000   1.0000          x1c1
226.0000    0   14.000   1.0000          NULL 
