  0.0000    4    4.000   1.0000          x2c2
  4.0000    0   14.000   1.0000          NULL 
 18.0000    1    4.000   1.0000          x1c1
 22.0000    0    6.000   1.0000          NULL 
 28.0000    4    4.000   1.0000          x2c2
 32.0000    0   14.000   1.0000          NULL 
 46.0000    2    4.000   1.0000          x2c1
 50.0000    0    4.000   1.0000          NULL 
 54.0000    4    4.000   1.0000          x2c2
 58.0000    0   10.000   1.0000          NULL 
 68.0000    3    4.000   1.0000          x1c2
 72.0000    0    4.000   1.0000          NULL 
 76.0000    4    4.000   1.0000          x2c2
 80.0000    0    4.000   1.0000          NULL 
 84.0000    1    4.000   1.0000          x1c1
 88.0000    0    8.000   1.0000          NULL 
 96.0000    2    4.000   1.0000          x2c1
100.0000    0    4.000   1.0000          NULL 
104.0000    3    4.000   1.0000          x1c2
108.0000    0    6.000   1.0000          NULL 
114.0000    3    4.000   1.0000          x1c2
118.0000    0   14.000   1.0000          NULL 
132.0000    1    4.000   1.0000          x1c1
136.0000    0    2.000   1.0000          NULL 
138.0000    4    4.000   1.0000          x2c2
142.0000    0   12.000   1.0000          NULL 
154.0000    2    4.000   1.0000          x2c1
158.0000    0   10.000   1.0000          NULL 
168.0000    3    4.000   1.0000          x1c2
172.0000    0    8.000   1.0000          NULL 
180.0000    1    4.000   1.0000          x1c1
184.0000    0    4.000   1.0000          NULL 
188.0000    2    4.000   1.0000          x2c1
192.0000    0    6.000   1.0000          NULL 
198.0000    2    4.000   1.0000          x2c1
202.0000    0   10.000   1.0000          NULL 
212.0000    3    4.000   1.0000          x1c2
216.0000    0   10.000   1.0000          NULL 
226.0000    1    4.000   1.0000          x1c1
230.0000    0   10.000   1.0000          NULL 
