  0.0000    4    4.000   1.0000          x2c2
  4.0000    0    6.000   1.0000          NULL 
 10.0000    4    4.000   1.0000          x2c2
 14.0000    0   14.000   1.0000          NULL 
 28.0000    1    4.000   1.0000          x1c1
 32.0000    0    4.000   1.0000          NULL 
 36.0000    3    4.000   1.0000          x1c2
 40.0000    0   12.000   1.0000          NULL 
 52.0000    1    4.000   1.0000          x1c1
 56.0000    0   12.000   1.0000          NULL 
 68.0000    3    4.000   1.0000          x1c2
 72.0000    0   14.000   1.0000          NULL 
 86.0000    2    4.000   1.0000          x2c1
 90.0000    0    2.000   1.0000          NULL 
 92.0000    1    4.000   1.0000          x1c1
 96.0000    0    4.000   1.0000          NULL 
100.0000    1    4.000   1.0000          x1c1
104.0000    0    8.000   1.0000          NULL 
112.0000    2    4.000   1.0000          x2c1
116.0000    0   10.000   1.0000          NULL 
126.0000    3    4.000   1.0000          x1c2
130.0000    0    8.000   1.0000          NULL 
138.0000    2    4.000   1.0000          x2c1
142.0000    0    6.000   1.0000          NULL 
148.0000    1    4.000   1.0000          x1c1
152.0000    0    2.000   1.0000          NULL 
154.0000    4    4.000   1.0000          x2c2
158.0000    0    2.000   1.0000          NULL 
160.0000    3    4.000   1.0000          x1c2
164.0000    0   10.000   1.0000          NULL 
174.0000    3    4.000   1.0000          x1c2
178.0000    0    8.000   1.0000          NULL 
186.0000    4    4.000   1.0000          x2c2
190.0000    0   12.000   1.0000          NULL 
202.0000    2    4.000   1.0000          x2c1
206.0000    0    8.000   1.0000          NULL 
214.0000    2    4.000   1.0000          x2c1
218.0000    0    8.000   1.0000          NULL 
226.0000    4    4.000   1.0000          x2c2
230.0000    0   10.000   1.0000          NULL 
