  0.0000    1    4.000   1.0000          x1c1
  4.0000    0    2.000   1.0000          NULL 
  6.0000    2    4.000   1.0000          x2c1
 10.0000    0   12.000   1.0000          NULL 
 22.0000    4    4.000   1.0000          x2c2
 26.0000    0   12.000   1.0000          NULL 
 38.0000    4    4.000   1.0000          x2c2
 42.0000    0    6.000   1.0000          NULL 
 48.0000    3    4.000   1.0000          x1c2
 52.0000    0    2.000   1.0000          NULL 
 54.0000    4    4.000   1.0000          x2c2
 58.0000    0   14.000   1.0000          NULL 
 72.0000    3    4.000   1.0000          x1c2
 76.0000    0    6.000   1.0000          NULL 
 82.0000    1    4.000   1.0000          x1c1
 86.0000    0    4.000   1.0000          NULL 
 90.0000    2    4.000   1.0000          x2c1
 94.0000    0    2.000   1.0000          NULL 
 96.0000    2    4.000   1.0000          x2c1
100.0000    0    8.000   1.0000          NULL 
108.0000    4    4.000   1.0000          x2c2
112.0000    0   12.000   1.0000          NULL 
124.0000    3    4.000   1.0000          x1c2
128.0000    0    8.000   1.0000          NULL 
136.0000    3    4.000   1.0000          x1c2
140.0000    0    2.000   1.0000          NULL 
142.0000    2    4.000   1.0000          x2c1
146.0000    0    8.000   1.0000          NULL 
154.0000    1    4.000   1.0000          x1c1
158.0000    0   10.000   1.0000          NULL 
168.0000    1    4.000   1.0000          x1c1
172.0000    0   14.000   1.0000          NULL 
186.0000    4    4.000   1.0000          x2c2
190.0000    0    8.000   1.0000          NULL 
198.0000    2    4.000   1.0000          x2c1
202.0000    0   12.000   1.0000          NULL 
214.0000    1    4.000   1.0000          x1c1
218.0000    0    8.000   1.0000          NULL 
226.0000    3    4.000   1.0000          x1c2
230.0000    0   10.000   1.0000          NULL 
