  0.0000    2    4.000   1.0000          x2c1
  4.0000    0   12.000   1.0000          NULL 
 16.0000    1    4.000   1.0000          x1c1
 20.0000    0    4.000   1.0000          NULL 
 24.0000    2    4.000   1.0000          x2c1
 28.0000    0    8.000   1.0000          NULL 
 36.0000    2    4.000   1.0000          x2c1
 40.0000    0   10.000   1.0000          NULL 
 50.0000    4    4.000   1.0000          x2c2
 54.0000    0    8.000   1.0000          NULL 
 62.0000    4    4.000   1.0000          x2c2
 66.0000    0   12.000   1.0000          NULL 
 78.0000    4    4.000   1.0000          x2c2
 82.0000    0    4.000   1.0000          NULL 
 86.0000    4    4.000   1.0000          x2c2
 90.0000    0   14.000   1.0000          NULL 
104.0000    1    4.000   1.0000          x1c1
108.0000    0    2.000   1.0000          NULL 
110.0000    3    4.000   1.0000          x1c2
114.0000    0    6.000   1.0000          NULL 
120.0000    1    4.000   1.0000          x1c1
124.0000    0    8.000   1.0000          NULL 
132.0000    1    4.000   1.0000          x1c1
136.0000    0    6.000   1.0000          NULL 
142.0000    3    4.000   1.0000          x1c2
146.0000    0    4.000   1.0000          NULL 
150.0000    2    4.000   1.0000          x2c1
154.0000    0   14.000   1.0000          NULL 
168.0000    1    4.000   1.0000          x1c1
172.0000    0   12.000   1.0000          NULL 
184.0000    3    4.000   1.0000          x1c2
188.0000    0    8.000   1.0000          NULL 
196.0000    3    4.000   1.0000          x1c2
200.0000    0    6.000   1.0000          NULL 
206.0000    3    4.000   1.0000          x1c2
210.0000    0    6.000   1.0000          NULL 
216.0000    4    4.000   1.0000          x2c2
220.0000    0    6.000   1.0000          NULL 
226.0000    2    4.000   1.0000          x2c1
230.0000    0   10.000   1.0000          NULL 
