  0.0000    2    4.000   1.0000          x2c1
  4.0000    0    2.000   1.0000          NULL 
  6.0000    4    4.000   1.0000          x2c2
 10.0000    0    4.000   1.0000          NULL 
 14.0000    1    4.000   1.0000          x1c1
 18.0000    0    8.000   1.0000          NULL 
 26.0000    4    4.000   1.0000          x2c2
 30.0000    0   14.000   1.0000          NULL 
 44.0000    2    4.000   1.0000          x2c1
 48.0000    0   10.000   1.0000          NULL 
 58.0000    1    4.000   1.0000          x1c1
 62.0000    0   10.000   1.0000          NULL 
 72.0000    3    4.000   1.0000          x1c2
 76.0000    0    4.000   1.0000          NULL 
 80.0000    2    4.000   1.0000          x2c1
 84.0000    0    4.000   1.0000          NULL 
 88.0000    2    4.000   1.0000          x2c1
 92.0000    0   12.000   1.0000          NULL 
104.0000    3    4.000   1.0000          x1c2
108.0000    0    6.000   1.0000          NULL 
114.0000    2    4.000   1.0000          x2c1
118.0000    0    8.000   1.0000          NULL 
126.0000    3    4.000   1.0000          x1c2
130.0000    0   10.000   1.0000          NULL 
140.0000    1    4.000   1.0000          x1c1
144.0000    0    6.000   1.0000          NULL 
150.0000    4    4.000   1.0000          x2c2
154.0000    0    8.000   1.0000          NULL 
162.0000    1    4.000   1.0000          x1c1
166.0000    0    4.000   1.0000          NULL 
170.0000    3    4.000   1.0000          x1c2
174.0000    0    2.000   1.0000          NULL 
176.0000    3    4.000   1.0000          x1c2
180.0000    0   12.000   1.0000          NULL 
192.0000    1    4.000   1.0000          x1c1
196.0000    0   12.000   1.0000          NULL 
208.0000    4    4.000   1.0000          x2c2
212.0000    0   12.000   1.0000          NULL 
224.0000    4    4.000   1.0000          x2c2
228.0000    0   12.000   1.0000          NULL 
