  0.0000    1    4.000   1.0000          x1c1
  4.0000    0    2.000   1.0000          NULL 
  6.0000    4    4.000   1.0000          x2c2
 10.0000    0    8.000   1.0000          NULL 
 18.0000    2    4.000   1.0000          x2c1
 22.0000    0    8.000   1.0000          NULL 
 30.0000    2    4.000   1.0000          x2c1
 34.0000    0    2.000   1.0000          NULL 
 36.0000    4    4.000   1.0000          x2c2
 40.0000    0   12.000   1.0000          NULL 
 52.0000    3    4.000   1.0000          x1c2
 56.0000    0   12.000   1.0000          NULL 
 68.0000    3    4.000   1.0000          x1c2
 72.0000    0    8.000   1.0000          NULL 
 80.0000    1    4.000   1.0000          x1c1
 84.0000    0    2.000   1.0000          NULL 
 86.0000    3    4.000   1.0000          x1c2
 90.0000    0    2.000   1.0000          NULL 
 92.0000    2    4.000   1.0000          x2c1
 96.0000    0    6.000   1.0000          NULL 
102.0000    1    4.000   1.0000          x1c1
106.0000    0    6.000   1.0000          NULL 
112.0000    1    4.000   1.0000          x1c1
116.0000    0   14.000   1.0000          NULL 
130.0000    2    4.000   1.0000          x2c1
134.0000    0    6.000   1.0000          NULL 
140.0000    3    4.000   1.0000          x1c2
144.0000    0   14.000   1.0000          NULL 
158.0000    4    4.000   1.0000          x2c2
162.0000    0    8.000   1.0000          NULL 
170.0000    3    4.000   1.0000          x1c2
174.0000    0    8.000   1.0000          NULL 
182.0000    2    4.000   1.0000          x2c1
186.0000    0   14.000   1.0000          NULL 
200.0000    1    4.000   1.0000          x1c1
204.0000    0   10.000   1.0000          NULL 
214.0000    4    4.000   1.0000          x2c2
218.0000    0    8.000   1.0000          NULL 
226.0000    4    4.000   1.0000          x2c2
230.0000    0   10.000   1.0000          NULL 
