  0.0000    3    4.000   1.0000          x1c2
  4.0000    0    8.000   1.0000          NULL 
 12.0000    3    4.000   1.0000          x1c2
 16.0000    0   14.000   1.0000          NULL 
 30.0000    4    4.000   1.0000          x2c2
 34.0000    0    6.000   1.0000          NULL 
 40.0000    1    4.000   1.0000          x1c1
 44.0000    0    6.000   1.0000          NULL 
 50.0000    4    4.000   1.0000          x2c2
 54.0000    0    6.000   1.0000          NULL 
 60.0000    3    4.000   1.0000          x1c2
 64.0000    0    2.000   1.0000          NULL 
 66.0000    4    4.000   1.0000          x2c2
 70.0000    0   14.000   1.0000          NULL 
 84.0000    4    4.000   1.0000          x2c2
 88.0000    0    8.000   1.0000          NULL 
 96.0000    3    4.000   1.0000          x1c2
100.0000    0    8.000   1.0000          NULL 
108.0000    4    4.000   1.0000          x2c2
112.0000    0   10.000   1.0000          NULL 
122.0000    2    4.000   1.0000          x2c1
126.0000    0    6.000   1.0000          NULL 
132.0000    2    4.000   1.0000          x2c1
136.0000    0    4.000   1.0000          NULL 
140.0000    1    4.000   1.0000          x1c1
144.0000    0    8.000   1.0000          NULL 
152.0000    1    4.000   1.0000          x1c1
156.0000    0    6.000   1.0000          NULL 
162.0000    2    4.000   1.0000          x2c1
166.0000    0    4.000   1.0000          NULL 
170.0000    2    4.000   1.0000          x2c1
174.0000    0   10.000   1.0000          NULL 
184.0000    1    4.000   1.0000          x1c1
188.0000    0    8.000   1.0000          NULL 
196.0000    1    4.000   1.0000          x1c1
200.0000    0    4.000   1.0000          NULL 
204.0000    2    4.000   1.0000          x2c1
208.0000    0   14.000   1.0000          NULL 
222.0000    3    4.000   1.0000          x1c2
226.0000    0   14.000   1.0000          NULL 
