  0.0000    4    4.000   1.0000          x2c2
  4.0000    0   10.000   1.0000          NULL 
 14.0000    2    4.000   1.0000          x2c1
 18.0000    0   12.000   1.0000          NULL 
 30.0000    2    4.000   1.0000          x2c1
 34.0000    0    2.000   1.0000          NULL 
 36.0000    1    4.000   1.0000          x1c1
 40.0000    0    6.000   1.0000          NULL 
 46.0000    4    4.000   1.0000          x2c2
 50.0000    0   12.000   1.0000          NULL 
 62.0000    4    4.000   1.0000          x2c2
 66.0000    0    6.000   1.0000          NULL 
 72.0000    1    4.000   1.0000          x1c1
 76.0000    0    2.000   1.0000          NULL 
 78.0000    1    4.000   1.0000          x1c1
 82.0000    0   10.000   1.0000          NULL 
 92.0000    4    4.000   1.0000          x2c2
 96.0000    0   14.000   1.0000          NULL 
110.0000    2    4.000   1.0000          x2c1
114.0000    0   12.000   1.0000          NULL 
126.0000    3    4.000   1.0000          x1c2
130.0000    0    2.000   1.0000          NULL 
132.0000    3    4.000   1.0000          x1c2
136.0000    0    2.000   1.0000          NULL 
138.0000    2    4.000   1.0000          x2c1
142.0000    0   14.000   1.0000          NULL 
156.0000    1    4.000   1.0000          x1c1
160.0000    0    8.000   1.0000          NULL 
168.0000    3    4.000   1.0000          x1c2
172.0000    0    6.000   1.0000          NULL 
178.0000    4    4.000   1.0000          x2c2
182.0000    0    4.000   1.0000          NULL 
186.0000    2    4.000   1.0000          x2c1
190.0000    0    8.000   1.0000          NULL 
198.0000    3    4.000   1.0000          x1c2
202.0000    0   10.000   1.0000          NULL 
212.0000    1    4.000   1.0000          x1c1
216.0000    0    8.000   1.0000          NULL 
224.0000    3    4.000   1.0000          x1c2
228.0000    0   12.000   1.0000          NULL 
