  0.0000    3    4.000   1.0000          x1c2
  4.0000    0    8.000   1.0000          NULL 
 12.0000    2    4.000   1.0000          x2c1
 16.0000    0    2.000   1.0000          NULL 
 18.0000    2    4.000   1.0000          x2c1
 22.0000    0    6.000   1.0000          NULL 
 28.0000    3    4.000   1.0000          x1c2
 32.0000    0    2.000   1.0000          NULL 
 34.0000    3    4.000   1.0000          x1c2
 38.0000    0   10.000   1.0000          NULL 
 48.0000    2    4.000   1.0000          x2c1
 52.0000    0   10.000   1.0000          NULL 
 62.0000    4    4.000   1.0000          x2c2
 66.0000    0    8.000   1.0000          NULL 
 74.0000    1    4.000   1.0000          x1c1
 78.0000    0    8.000   1.0000          NULL 
 86.0000    2    4.000   1.0000          x2c1
 90.0000    0    6.000   1.0000          NULL 
 96.0000    4    4.000   1.0000          x2c2
100.0000    0   12.000   1.0000          NULL 
112.0000    3    4.000   1.0000          x1c2
116.0000    0   10.000   1.0000          NULL 
126.0000    1    4.000   1.0000          x1c1
130.0000    0    8.000   1.0000          NULL 
138.0000    3    4.000   1.0000          x1c2
142.0000    0    2.000   1.0000          NULL 
144.0000    1    4.000   1.0000          x1c1
148.0000    0    2.000   1.0000          NULL 
150.0000    2    4.000   1.0000          x2c1
154.0000    0   14.000   1.0000          NULL 
168.0000    4    4.000   1.0000          x2c2
172.0000    0   14.000   1.0000          NULL 
186.0000    1    4.000   1.0000          x1c1
190.0000    0    8.000   1.0000          NULL 
198.0000    1    4.000   1.0000          x1c1
202.0000    0    8.000   1.0000          NULL 
210.0000    4    4.000   1.0000          x2c2
214.0000    0    2.000   1.0000          NULL 
216.0000    4    4.000   1.0000          x2c2
220.0000    0   20.000   1.0000          NULL 
