  0.0000    1    4.000   1.0000          x1c1
  4.0000    0    6.000   1.0000          NULL 
 10.0000    3    4.000   1.0000          x1c2
 14.0000    0    8.000   1.0000          NULL 
 22.0000    2    4.000   1.0000          x2c1
 26.0000    0    6.000   1.0000          NULL 
 32.0000    2    4.000   1.0000          x2c1
 36.0000    0   10.000   1.0000          NULL 
 46.0000    4    4.000   1.0000          x2c2
 50.0000    0    6.000   1.0000          NULL 
 56.0000    4    4.000   1.0000          x2c2
 60.0000    0   10.000   1.0000          NULL 
 70.0000    3    4.000   1.0000          x1c2
 74.0000    0    6.000   1.0000          NULL 
 80.0000    3    4.000   1.0000          x1c2
 84.0000    0    2.000   1.0000          NULL 
 86.0000    1    4.000   1.0000          x1c1
 90.0000    0   14.000   1.0000          NULL 
104.0000    2    4.000   1.0000          x2c1
108.0000    0   10.000   1.0000          NULL 
118.0000    4    4.000   1.0000          x2c2
122.0000    0   10.000   1.0000          NULL 
132.0000    2    4.000   1.0000          x2c1
136.0000    0    6.000   1.0000          NULL 
142.0000    4    4.000   1.0000          x2c2
146.0000    0   10.000   1.0000          NULL 
156.0000    1    4.000   1.0000          x1c1
160.0000    0    4.000   1.0000          NULL 
164.0000    3    4.000   1.0000          x1c2
168.0000    0    4.000   1.0000          NULL 
172.0000    3    4.000   1.0000          x1c2
176.0000    0   10.000   1.0000          NULL 
186.0000    2    4.000   1.0000          x2c1
190.0000    0    4.000   1.0000          NULL 
194.0000    1    4.000   1.0000          x1c1
198.0000    0   12.000   1.0000          NULL 
210.0000    4    4.000   1.0000          x2c2
214.0000    0    6.000   1.0000          NULL 
220.0000    1    4.000   1.0000          x1c1
224.0000    0   16.000   1.0000          NULL 
