  0.0000    4    4.000   1.0000          x2c2
  4.0000    0   10.000   1.0000          NULL 
 14.0000    1    4.000   1.0000          x1c1
 18.0000    0    8.000   1.0000          NULL 
 26.0000    1    4.000   1.0000          x1c1
 30.0000    0    4.000   1.0000          NULL 
 34.0000    3    4.000   1.0000          x1c2
 38.0000    0   10.000   1.0000          NULL 
 48.0000    2    4.000   1.0000          x2c1
 52.0000    0   14.000   1.0000          NULL 
 66.0000    3    4.000   1.0000          x1c2
 70.0000    0    4.000   1.0000          NULL 
 74.0000    2    4.000   1.0000          x2c1
 78.0000    0    8.000   1.0000          NULL 
 86.0000    1    4.000   1.0000          x1c1
 90.0000    0    8.000   1.0000          NULL 
 98.0000    4    4.000   1.0000          x2c2
102.0000    0    8.000   1.0000          NULL 
110.0000    2    4.000   1.0000          x2c1
114.0000    0    6.000   1.0000          NULL 
120.0000    3    4.000   1.0000          x1c2
124.0000    0    2.000   1.0000          NULL 
126.0000    4    4.000   1.0000          x2c2
130.0000    0   10.000   1.0000          NULL 
140.0000    4    4.000   1.0000          x2c2
144.0000    0    4.000   1.0000          NULL 
148.0000    2    4.000   1.0000          x2c1
152.0000    0   10.000   1.0000          NULL 
162.0000    2    4.000   1.0000          x2c1
166.0000    0   12.000   1.0000          NULL 
178.0000    3    4.000   1.0000          x1c2
182.0000    0    4.000   1.0000          NULL 
186.0000    1    4.000   1.0000          x1c1
190.0000    0    8.000   1.0000          NULL 
198.0000    3    4.000   1.0000          x1c2
202.0000    0   14.000   1.0000          NULL 
216.0000    1    4.000   1.0000          x1c1
220.0000    0    2.000   1.0000          NULL 
222.0000    4    4.000   1.0000          x2c2
226.0000    0   14.000   1.0000          NULL 
