  0.0000    3    4.000   1.0000          x1c2
  4.0000    0    8.000   1.0000          NULL 
 12.0000    2    4.000   1.0000          x2c1
 16.0000    0    8.000   1.0000          NULL 
 24.0000    3    4.000   1.0000          x1c2
 28.0000    0    8.000   1.0000          NULL 
 36.0000    1    4.000   1.0000          x1c1
 40.0000    0    8.000   1.0000          NULL 
 48.0000    4    4.000   1.0000          x2c2
 52.0000    0    6.000   1.0000          NULL 
 58.0000    4    4.000   1.0000          x2c2
 62.0000    0    8.000   1.0000          NULL 
 70.0000    1    4.000   1.0000          x1c1
 74.0000    0   12.000   1.0000          NULL 
 86.0000    1    4.000   1.0000          x1c1
 90.0000    0    2.000   1.0000          NULL 
 92.0000    4    4.000   1.0000          x2c2
 96.0000    0   12.000   1.0000          NULL 
108.0000    4    4.000   1.0000          x2c2
112.0000    0    2.000   1.0000          NULL 
114.0000    2    4.000   1.0000          x2c1
118.0000    0   12.000   1.0000          NULL 
130.0000    3    4.000   1.0000          x1c2
134.0000    0    8.000   1.0000          NULL 
142.0000    2    4.000   1.0000          x2c1
146.0000    0    2.000   1.0000          NULL 
148.0000    1    4.000   1.0000          x1c1
152.0000    0   14.000   1.0000          NULL 
166.0000    3    4.000   1.0000          x1c2
170.0000    0   12.000   1.0000          NULL 
182.0000    1    4.000   1.0000          x1c1
186.0000    0   14.000   1.0000          NULL 
200.0000    3    4.000   1.0000          x1c2
204.0000    0    4.000   1.0000          NULL 
208.0000    2    4.000   1.0000          x2c1
212.0000    0    4.000   1.0000          NULL 
216.0000    4    4.000   1.0000          x2c2
220.0000    0    4.000   1.0000          NULL 
224.0000    2    4.000   1.0000          x2c1
228.0000    0   12.000   1.0000          NULL 
