  0.0000    2    4.000   1.0000          x2c1
  4.0000    0    4.000   1.0000          NULL 
  8.0000    1    4.000   1.0000          x1c1
 12.0000    0    8.000   1.0000          NULL 
 20.0000    4    4.000   1.0000          x2c2
 24.0000    0    8.000   1.0000          NULL 
 32.0000    4    4.000   1.0000          x2c2
 36.0000    0    6.000   1.0000          NULL 
 42.0000    1    4.000   1.0000          x1c1
 46.0000    0    6.000   1.0000          NULL 
 52.0000    4    4.000   1.0000          x2c2
 56.0000    0   14.000   1.0000          NULL 
 70.0000    2    4.000   1.0000          x2c1
 74.0000    0   10.000   1.0000          NULL 
 84.0000    3    4.000   1.0000          x1c2
 88.0000    0   12.000   1.0000          NULL 
100.0000    1    4.000   1.0000          x1c1
104.0000    0    4.000   1.0000          NULL 
108.0000    4    4.000   1.0000          x2c2
112.0000    0   14.000   1.0000          NULL 
126.0000    3    4.000   1.0000          x1c2
130.0000    0   12.000   1.0000          NULL 
142.0000    2    4.000   1.0000          x2c1
146.0000    0    8.000   1.0000          NULL 
154.0000    1    4.000   1.0000          x1c1
158.0000    0   12.000   1.0000          NULL 
170.0000    1    4.000   1.0000          x1c1
174.0000    0    2.000   1.0000          NULL 
176.0000    3    4.000   1.0000          x1c2
180.0000    0    4.000   1.0000          NULL 
184.0000    2    4.000   1.0000          x2c1
188.0000    0   12.000   1.0000          NULL 
200.0000    3    4.000   1.0000          x1c2
204.0000    0    2.000   1.0000          NULL 
206.0000    2    4.000   1.0000          x2c1
210.0000    0   10.000   1.0000          NULL 
220.0000    3    4.000   1.0000          x1c2
224.0000    0    2.000   1.0000          NULL 
226.0000    4    4.000   1.0000          x2c2
230.0000    0   10.000   1.0000          NULL 
