  0.0000    3    4.000   1.0000          x1c2
  4.0000    0    6.000   1.0000          NULL 
 10.0000    4    4.000   1.0000          x2c2
 14.0000    0   12.000   1.0000          NULL 
 26.0000    2    4.000   1.0000          x2c1
 30.0000    0   12.000   1.0000          NULL 
 42.0000    4    4.000   1.0000          x2c2
 46.0000    0    2.000   1.0000          NULL 
 48.0000    4    4.000   1.0000          x2c2
 52.0000    0   10.000   1.0000          NULL 
 62.0000    3    4.000   1.0000          x1c2
 66.0000    0    2.000   1.0000          NULL 
 68.0000    3    4.000   1.0000          x1c2
 72.0000    0   12.000   1.0000          NULL 
 84.0000    1    4.000   1.0000          x1c1
 88.0000    0    4.000   1.0000          NULL 
 92.0000    1    4.000   1.0000          x1c1
 96.0000    0    8.000   1.0000          NULL 
104.0000    2    4.000   1.0000          x2c1
108.0000    0   14.000   1.0000          NULL 
122.0000    4    4.000   1.0000          x2c2
126.0000    0    8.000   1.0000          NULL 
134.0000    1    4.000   1.0000          x1c1
138.0000    0    2.000   1.0000          NULL 
140.0000    1    4.000   1.0000          x1c1
144.0000    0    8.000   1.0000          NULL 
152.0000    2    4.000   1.0000          x2c1
156.0000    0    8.000   1.0000          NULL 
164.0000    2    4.000   1.0000          x2c1
168.0000    0   10.000   1.0000          NULL 
178.0000    1    4.000   1.0000          x1c1
182.0000    0    8.000   1.0000          NULL 
190.0000    4    4.000   1.0000          x2c2
194.0000    0    2.000   1.0000          NULL 
196.0000    2    4.000   1.0000          x2c1
200.0000    0    4.000   1.0000          NULL 
204.0000    3    4.000   1.0000          x1c2
208.0000    0   10.000   1.0000          NULL 
218.0000    3    4.000   1.0000          x1c2
222.0000    0   18.000   1.0000          NULL 
