  0.0000    3    4.000   1.0000          x1c2
  4.0000    0    4.000   1.0000          NULL 
  8.0000    1    4.000   1.0000          x1c1
 12.0000    0   12.000   1.0000          NULL 
 24.0000    4    4.000   1.0000          x2c2
 28.0000    0    2.000   1.0000          NULL 
 30.0000    4    4.000   1.0000          x2c2
 34.0000    0   14.000   1.0000          NULL 
 48.0000    2    4.000   1.0000          x2c1
 52.0000    0    8.000   1.0000          NULL 
 60.0000    1    4.000   1.0000          x1c1
 64.0000    0    8.000   1.0000          NULL 
 72.0000    2    4.000   1.0000          x2c1
 76.0000    0    8.000   1.0000          NULL 
 84.0000    3    4.000   1.0000          x1c2
 88.0000    0    8.000   1.0000          NULL 
 96.0000    2    4.000   1.0000          x2c1
100.0000    0    4.000   1.0000          NULL 
104.0000    1    4.000   1.0000          x1c1
108.0000    0    8.000   1.0000          NULL 
116.0000    3    4.000   1.0000          x1c2
120.0000    0    8.000   1.0000          NULL 
128.0000    2    4.000   1.0000          x2c1
132.0000    0   10.000   1.0000          NULL 
142.0000    2    4.000   1.0000          x2c1
146.0000    0    2.000   1.0000          NULL 
148.0000    4    4.000   1.0000          x2c2
152.0000    0    4.000   1.0000          NULL 
156.0000    4    4.000   1.0000          x2c2
160.0000    0   10.000   1.0000          NULL 
170.0000    1    4.000   1.0000          x1c1
174.0000    0   12.000   1.0000          NULL 
186.0000    3    4.000   1.0000          x1c2
190.0000    0   14.000   1.0000          NULL 
204.0000    1    4.000   1.0000          x1c1
208.0000    0    2.000   1.0000          NULL 
210.0000    3    4.000   1.0000          x1c2
214.0000    0    6.000   1.0000          NULL 
220.0000    4    4.000   1.0000          x2c2
224.0000    0   16.000   1.0000          NULL 
