  0.0000    2    4.000   1.0000          x2c1
  4.0000    0   12.000   1.0000          NULL 
 16.0000    3    4.000   1.0000          x1c2
 20.0000    0    8.000   1.0000          NULL 
 28.0000    3    4.000   1.0000          x1c2
 32.0000    0   12.000   1.0000          NULL 
 44.0000    1    4.000   1.0000          x1c1
 48.0000    0    6.000   1.0000          NULL 
 54.0000    1    4.000   1.0000          x1c1
 58.0000    0    8.000   1.0000          NULL 
 66.0000    3    4.000   1.0000          x1c2
 70.0000    0    2.000   1.0000          NULL 
 72.0000    4    4.000   1.0000          x2c2
 76.0000    0   12.000   1.0000          NULL 
 88.0000    2    4.000   1.0000          x2c1
 92.0000    0    2.000   1.0000          NULL 
 94.0000    4    4.000   1.0000          x2c2
 98.0000    0    8.000   1.0000          NULL 
106.0000    1    4.000   1.0000          x1c1
110.0000    0    8.000   1.0000          NULL 
118.0000    1    4.000   1.0000          x1c1
122.0000    0    6.000   1.0000          NULL 
128.0000    4    4.000   1.0000          x2c2
132.0000    0    2.000   1.0000          NULL 
134.0000    2    4.000   1.0000          x2c1
138.0000    0    6.000   1.0000          NULL 
144.0000    2    4.000   1.0000          x2c1
148.0000    0    2.000   1.0000          NULL 
150.0000    3    4.000   1.0000          x1c2
154.0000    0   14.000   1.0000          NULL 
168.0000    1    4.000   1.0000          x1c1
172.0000    0    4.000   1.0000          NULL 
176.0000    2    4.000   1.0000          x2c1
180.0000    0   14.000   1.0000          NULL 
194.0000    3    4.000   1.0000          x1c2
198.0000    0    8.000   1.0000          NULL 
206.0000    4    4.000   1.0000          x2c2
210.0000    0   12.000   1.0000          NULL 
222.0000    4    4.000   1.0000          x2c2
226.0000    0   14.000   1.0000          NULL 
