  0.0000    3    4.000   1.0000          x1c2
  4.0000    0   10.000   1.0000          NULL 
 14.0000    4    4.000   1.0000          x2c2
 18.0000    0    8.000   1.0000          NULL 
 26.0000    1    4.000   1.0000          x1c1
 30.0000    0   14.000   1.0000          NULL 
 44.0000    4    4.000   1.0000          x2c2
 48.0000    0    6.000   1.0000          NULL 
 54.0000    4    4.000   1.0000          x2c2
 58.0000    0    8.000   1.0000          NULL 
 66.0000    3    4.000   1.0000          x1c2
 70.0000    0   12.000   1.0000          NULL 
 82.0000    3    4.000   1.0000          x1c2
 86.0000    0    6.000   1.0000          NULL 
 92.0000    1    4.000   1.0000          x1c1
 96.0000    0    6.000   1.0000          NULL 
102.0000    4    4.000   1.0000          x2c2
106.0000    0    8.000   1.0000          NULL 
114.0000    2    4.000   1.0000          x2c1
118.0000    0    6.000   1.0000          NULL 
124.0000    3    4.000   1.0000          x1c2
128.0000    0    8.000   1.0000          NULL 
136.0000    1    4.000   1.0000          x1c1
140.0000    0    4.000   1.0000          NULL 
144.0000    1    4.000   1.0000          x1c1
148.0000    0   10.000   1.0000          NULL 
158.0000    3    4.000   1.0000          x1c2
162.0000    0    8.000   1.0000          NULL 
170.0000    2    4.000   1.0000          x2c1
174.0000    0    8.000   1.0000          NULL 
182.0000    2    4.000   1.0000          x2c1
186.0000    0    4.000   1.0000          NULL 
190.0000    2    4.000   1.0000          x2c1
194.0000    0    8.000   1.0000          NULL 
202.0000    2    4.000   1.0000          x2c1
206.0000    0    2.000   1.0000          NULL 
208.0000    4    4.000   1.0000          x2c2
212.0000    0   14.000   1.0000          NULL 
226.0000    1    4.000   1.0000          x1c1
230.0000    0   10.000   1.0000          NULL 
