  0.0000    3    4.000   1.0000          x1c2
  4.0000    0   14.000   1.0000          NULL 
 18.0000    2    4.000   1.0000          x2c1
 22.0000    0    8.000   1.0000          NULL 
 30.0000    3    4.000   1.0000          x1c2
 34.0000    0    4.000   1.0000          NULL 
 38.0000    4    4.000   1.0000          x2c2
 42.0000    0    4.000   1.0000          NULL 
 46.0000    2    4.000   1.0000          x2c1
 50.0000    0    8.000   1.0000          NULL 
 58.0000    4    4.000   1.0000          x2c2
 62.0000    0    8.000   1.0000          NULL 
 70.0000    1    4.000   1.0000          x1c1
 74.0000    0   12.000   1.0000          NULL 
 86.0000    4    4.000   1.0000          x2c2
 90.0000    0    2.000   1.0000          NULL 
 92.0000    4    4.000   1.0000          x2c2
 96.0000    0    2.000   1.0000          NULL 
 98.0000    1    4.000   1.0000          x1c1
102.0000    0   12.000   1.0000          NULL 
114.0000    3    4.000   1.0000          x1c2
118.0000    0    6.000   1.0000          NULL 
124.0000    1    4.000   1.0000          x1c1
128.0000    0    6.000   1.0000          NULL 
134.0000    2    4.000   1.0000          x2c1
138.0000    0   10.000   1.0000          NULL 
148.0000    1    4.000   1.0000          x1c1
152.0000    0   14.000   1.0000          NULL 
166.0000    2    4.000   1.0000          x2c1
170.0000    0   14.000   1.0000          NULL 
184.0000    1    4.000   1.0000          x1c1
188.0000    0    8.000   1.0000          NULL 
196.0000    2    4.000   1.0000          x2c1
200.0000    0    6.000   1.0000          NULL 
206.0000    3    4.000   1.0000          x1c2
210.0000    0    8.000   1.0000          NULL 
218.0000    4    4.000   1.0000          x2c2
222.0000    0    4.000   1.0000          NULL 
226.0000    3    4.000   1.0000          x1c2
230.0000    0   10.000   1.0000          NULL 
