  0.0000    2    4.000   1.0000          x2c1
  4.0000    0   14.000   1.0000          NULL 
 18.0000    4    4.000   1.0000          x2c2
 22.0000    0   14.000   1.0000          NULL 
 36.0000    4    4.000   1.0000          x2c2
 40.0000    0    8.000   1.0000          NULL 
 48.0000    1    4.000   1.0000          x1c1
 52.0000    0    6.000   1.0000          NULL 
 58.0000    2    4.000   1.0000          x2c1
 62.0000    0    8.000   1.0000          NULL 
 70.0000    1    4.000   1.0000          x1c1
 74.0000    0    2.000   1.0000          NULL 
 76.0000    2    4.000   1.0000          x2c1
 80.0000    0    8.000   1.0000          NULL 
 88.0000    3    4.000   1.0000          x1c2
 92.0000    0   12.000   1.0000          NULL 
104.0000    4    4.000   1.0000          x2c2
108.0000    0    4.000   1.0000          NULL 
112.0000    2    4.000   1.0000          x2c1
116.0000    0   10.000   1.0000          NULL 
126.0000    4    4.000   1.0000          x2c2
130.0000    0   12.000   1.0000          NULL 
142.0000    3    4.000   1.0000          x1c2
146.0000    0    8.000   1.0000          NULL 
154.0000    3    4.000   1.0000          x1c2
158.0000    0    2.000   1.0000          NULL 
160.0000    3    4.000   1.0000          x1c2
164.0000    0   10.000   1.0000          NULL 
174.0000    2    4.000   1.0000          x2c1
178.0000    0    4.000   1.0000          NULL 
182.0000    3    4.000   1.0000          x1c2
186.0000    0    6.000   1.0000          NULL 
192.0000    1    4.000   1.0000          x1c1
196.0000    0    8.000   1.0000          NULL 
204.0000    1    4.000   1.0000          x1c1
208.0000    0    2.000   1.0000          NULL 
210.0000    1    4.000   1.0000          x1c1
214.0000    0    8.000   1.0000          NULL 
222.0000    4    4.000   1.0000          x2c2
226.0000    0   14.000   1.0000          NULL 
