  0.0000    2    4.000   1.0000          x2c1
  4.0000    0   14.000   1.0000          NULL 
 18.0000    2    4.000   1.0000          x2c1
 22.0000    0   10.000   1.0000          NULL 
 32.0000    4    4.000   1.0000          x2c2
 36.0000    0    4.000   1.0000          NULL 
 40.0000    3    4.000   1.0000          x1c2
 44.0000    0    4.000   1.0000          NULL 
 48.0000    2    4.000   1.0000          x2c1
 52.0000    0    8.000   1.0000          NULL 
 60.0000    3    4.000   1.0000          x1c2
 64.0000    0    8.000   1.0000          NULL 
 72.0000    4    4.000   1.0000          x2c2
 76.0000    0   10.000   1.0000          NULL 
 86.0000    3    4.000   1.0000          x1c2
 90.0000    0   14.000   1.0000          NULL 
104.0000    3    4.000   1.0000          x1c2
108.0000    0    2.000   1.0000          NULL 
110.0000    4    4.000   1.0000          x2c2
114.0000    0   10.000   1.0000          NULL 
124.0000    4    4.000   1.0000          x2c2
128.0000    0    8.000   1.0000          NULL 
136.0000    1    4.000   1.0000          x1c1
140.0000    0   10.000   1.0000          NULL 
150.0000    1    4.000   1.0000          x1c1
154.0000    0    4.000   1.0000          NULL 
158.0000    1    4.000   1.0000          x1c1
162.0000    0    6.000   1.0000          NULL 
168.0000    2    4.000   1.0000          x2c1
172.0000    0    2.000   1.0000          NULL 
174.0000    4    4.000   1.0000          x2c2
178.0000    0    8.000   1.0000          NULL 
186.0000    1    4.000   1.0000          x1c1
190.0000    0   14.000   1.0000          NULL 
204.0000    3    4.000   1.0000          x1c2
208.0000    0    4.000   1.0000          NULL 
212.0000    1    4.000   1.0000          x1c1
216.0000    0    8.000   1.0000          NULL 
224.0000    2    4.000   1.0000          x2c1
228.0000    0   12.000   1.0000          NULL 
