  0.0000    1    4.000   1.0000          x1c1
  4.0000    0    2.000   1.0000          NULL 
  6.0000    1    4.000   1.0000          x1c1
 10.0000    0   10.000   1.0000          NULL 
 20.0000    4    4.000   1.0000          x2c2
 24.0000    0    6.000   1.0000          NULL 
 30.0000    3    4.000   1.0000          x1c2
 34.0000    0   12.000   1.0000          NULL 
 46.0000    2    4.000   1.0000          x2c1
 50.0000    0   12.000   1.0000          NULL 
 62.0000    1    4.000   1.0000          x1c1
 66.0000    0   10.000   1.0000          NULL 
 76.0000    3    4.000   1.0000          x1c2
 80.0000    0    2.000   1.0000          NULL 
 82.0000    3    4.000   1.0000          x1c2
 86.0000    0   12.000   1.0000          NULL 
 98.0000    1    4.000   1.0000          x1c1
102.0000    0    8.000   1.0000          NULL 
110.0000    4    4.000   1.0000          x2c2
114.0000    0   10.000   1.0000          NULL 
124.0000    3    4.000   1.0000          x1c2
128.0000    0    6.000   1.0000          NULL 
134.0000    4    4.000   1.0000          x2c2
138.0000    0    8.000   1.0000          NULL 
146.0000    2    4.000   1.0000          x2c1
150.0000    0   12.000   1.0000          NULL 
162.0000    4    4.000   1.0000          x2c2
166.0000    0    6.000   1.0000          NULL 
172.0000    3    4.000   1.0000          x1c2
176.0000    0    6.000   1.0000          NULL 
182.0000    2    4.000   1.0000          x2c1
186.0000    0    8.000   1.0000          NULL 
194.0000    1    4.000   1.0000          x1c1
198.0000    0    4.000   1.0000          NULL 
202.0000    2    4.000   1.0000          x2c1
206.0000    0    4.000   1.0000          NULL 
210.0000    4    4.000   1.0000          x2c2
214.0000    0   10.000   1.0000          NULL 
224.0000    2    4.000   1.0000          x2c1
228.0000    0   12.000   1.0000          NULL 
