  0.0000    3    4.000   1.0000          x1c2
  4.0000    0    8.000   1.0000          NULL 
 12.0000    2    4.000   1.0000          x2c1
 16.0000    0    8.000   1.0000          NULL 
 24.0000    1    4.000   1.0000          x1c1
 28.0000    0    6.000   1.0000          NULL 
 34.0000    4    4.000   1.0000          x2c2
 38.0000    0   10.000   1.0000          NULL 
 48.0000    2    4.000   1.0000          x2c1
 52.0000    0    6.000   1.0000          NULL 
 58.0000    2    4.000   1.0000          x2c1
 62.0000    0   10.000   1.0000          NULL 
 72.0000    1    4.000   1.0000          x1c1
 76.0000    0    2.000   1.0000          NULL 
 78.0000    3    4.000   1.0000          x1c2
 82.0000    0   12.000   1.0000          NULL 
 94.0000    3    4.000   1.0000          x1c2
 98.0000    0   10.000   1.0000          NULL 
108.0000    2    4.000   1.0000          x2c1
112.0000    0    2.000   1.0000          NULL 
114.0000    1    4.000   1.0000          x1c1
118.0000    0   10.000   1.0000          NULL 
128.0000    3    4.000   1.0000          x1c2
132.0000    0    8.000   1.0000          NULL 
140.0000    4    4.000   1.0000          x2c2
144.0000    0    6.000   1.0000          NULL 
150.0000    1    4.000   1.0000          x1c1
154.0000    0    6.000   1.0000          NULL 
160.0000    3    4.000   1.0000          x1c2
164.0000    0    2.000   1.0000          NULL 
166.0000    4    4.000   1.0000          x2c2
170.0000    0    6.000   1.0000          NULL 
176.0000    2    4.000   1.0000          x2c1
180.0000    0    6.000   1.0000          NULL 
186.0000    4    4.000   1.0000          x2c2
190.0000    0   12.000   1.0000          NULL 
202.0000    1    4.000   1.0000          x1c1
206.0000    0   12.000   1.0000          NULL 
218.0000    4    4.000   1.0000          x2c2
222.0000    0   18.000   1.0000          NULL 
