  0.0000    2    4.000   1.0000          x2c1
  4.0000    0    2.000   1.0000          NULL 
  6.0000    4    4.000   1.0000          x2c2
 10.0000    0    4.000   1.0000          NULL 
 14.0000    2    4.000   1.0000          x2c1
 18.0000    0   12.000   1.0000          NULL 
 30.0000    2    4.000   1.0000          x2c1
 34.0000    0   12.000   1.0000          NULL 
 46.0000    2    4.000   1.0000          x2c1
 50.0000    0    6.000   1.0000          NULL 
 56.0000    1    4.000   1.0000          x1c1
 60.0000    0    8.000   1.0000          NULL 
 68.0000    4    4.000   1.0000          x2c2
 72.0000    0    4.000   1.0000          NULL 
 76.0000    1    4.000   1.0000          x1c1
 80.0000    0    8.000   1.0000          NULL 
 88.0000    2    4.000   1.0000          x2c1
 92.0000    0    4.000   1.0000          NULL 
 96.0000    4    4.000   1.0000          x2c2
100.0000    0   12.000   1.0000          NULL 
112.0000    4    4.000   1.0000          x2c2
116.0000    0   14.000   1.0000          NULL 
130.0000    4    4.000   1.0000          x2c2
134.0000    0   12.000   1.0000          NULL 
146.0000    1    4.000   1.0000          x1c1
150.0000    0    8.000   1.0000          NULL 
158.0000    3    4.000   1.0000          x1c2
162.0000    0    6.000   1.0000          NULL 
168.0000    3    4.000   1.0000          x1c2
172.0000    0    2.000   1.0000          NULL 
174.0000    3    4.000   1.0000          x1c2
178.0000    0   10.000   1.0000          NULL 
188.0000    1    4.000   1.0000          x1c1
192.0000    0    2.000   1.0000          NULL 
194.0000    3    4.000   1.0000          x1c2
198.0000    0   10.000   1.0000          NULL 
208.0000    1    4.000   1.0000          x1c1
212.0000    0   12.000   1.0000          NULL 
224.0000    3    4.000   1.0000          x1c2
228.0000    0   12.000   1.0000          NULL 
