  0.0000    1    4.000   1.0000          x1c1
  4.0000    0    4.000   1.0000          NULL 
  8.0000    1    4.000   1.0000          x1c1
 12.0000    0   12.000   1.0000          NULL 
 24.0000    3    4.000   1.0000          x1c2
 28.0000    0   12.000   1.0000          NULL 
 40.0000    4    4.000   1.0000          x2c2
 44.0000    0    4.000   1.0000          NULL 
 48.0000    1    4.000   1.0000          x1c1
 52.0000    0    4.000   1.0000          NULL 
 56.0000    3    4.000   1.0000          x1c2
 60.0000    0   14.000   1.0000          NULL 
 74.0000    3    4.000   1.0000          x1c2
 78.0000    0   12.000   1.0000          NULL 
 90.0000    4    4.000   1.0000          x2c2
 94.0000    0    6.000   1.0000          NULL 
100.0000    3    4.000   1.0000          x1c2
104.0000    0   14.000   1.0000          NULL 
118.0000    2    4.000   1.0000          x2c1
122.0000    0    8.000   1.0000          NULL 
130.0000    4    4.000   1.0000          x2c2
134.0000    0    4.000   1.0000          NULL 
138.0000    3    4.000   1.0000          x1c2
142.0000    0    4.000   1.0000          NULL 
146.0000    2    4.000   1.0000          x2c1
150.0000    0    4.000   1.0000          NULL 
154.0000    4    4.000   1.0000          x2c2
158.0000    0    6.000   1.0000          NULL 
164.0000    2    4.000   1.0000          x2c1
168.0000    0    8.000   1.0000          NULL 
176.0000    2    4.000   1.0000          x2c1
180.0000    0    4.000   1.0000          NULL 
184.0000    1    4.000   1.0000          x1c1
188.0000    0    8.000   1.0000          NULL 
196.0000    1    4.000   1.0000          x1c1
200.0000    0    8.000   1.0000          NULL 
208.0000    4    4.000   1.0000          x2c2
212.0000    0   12.000   1.0000          NULL 
224.0000    2    4.000   1.0000          x2c1
228.0000    0   12.000   1.0000          NULL 
