  0.0000    2    4.000   1.0000          x2c1
  4.0000    0   10.000   1.0000          NULL 
 14.0000    2    4.000   1.0000          x2c1
 18.0000    0    8.000   1.0000          NULL 
 26.0000    3    4.000   1.0000          x1c2
 30.0000    0   12.000   1.0000          NULL 
 42.0000    4    4.000   1.0000          x2c2
 46.0000    0    2.000   1.0000          NULL 
 48.0000    2    4.000   1.0000          x2c1
 52.0000    0   10.000   1.0000          NULL 
 62.0000    1    4.000   1.0000          x1c1
 66.0000    0   12.000   1.0000          NULL 
 78.0000    1    4.000   1.0000          x1c1
 82.0000    0   12.000   1.0000          NULL 
 94.0000    3    4.000   1.0000          x1c2
 98.0000    0   10.000   1.0000          NULL 
108.0000    2    4.000   1.0000          x2c1
112.0000    0    8.000   1.0000          NULL 
120.0000    1    4.000   1.0000          x1c1
124.0000    0    6.000   1.0000          NULL 
130.0000    1    4.000   1.0000          x1c1
134.0000    0   12.000   1.0000          NULL 
146.0000    3    4.000   1.0000          x1c2
150.0000    0   10.000   1.0000          NULL 
160.0000    4    4.000   1.0000          x2c2
164.0000    0    2.000   1.0000          NULL 
166.0000    3    4.000   1.0000          x1c2
170.0000    0    2.000   1.0000          NULL 
172.0000    2    4.000   1.0000          x2c1
176.0000    0    8.000   1.0000          NULL 
184.0000    4    4.000   1.0000          x2c2
188.0000    0    2.000   1.0000          NULL 
190.0000    4    4.000   1.0000          x2c2
194.0000    0   10.000   1.0000          NULL 
204.0000    1    4.000   1.0000          x1c1
208.0000    0    8.000   1.0000          NULL 
216.0000    3    4.000   1.0000          x1c2
220.0000    0    4.000   1.0000          NULL 
224.0000    4    4.000   1.0000          x2c2
228.0000    0   12.000   1.0000          NULL 
