  0.0000    2    4.000   1.0000          x2c1
  4.0000    0    2.000   1.0000          NULL 
  6.0000    4    4.000   1.0000          x2c2
 10.0000    0   10.000   1.0000          NULL 
 20.0000    1    4.000   1.0000          x1c1
 24.0000    0   10.000   1.0000          NULL 
 34.0000    1    4.000   1.0000          x1c1
 38.0000    0   14.000   1.0000          NULL 
 52.0000    4    4.000   1.0000          x2c2
 56.0000    0    6.000   1.0000          NULL 
 62.0000    3    4.000   1.0000          x1c2
 66.0000    0   10.000   1.0000          NULL 
 76.0000    3    4.000   1.0000          x1c2
 80.0000    0    4.000   1.0000          NULL 
 84.0000    2    4.000   1.0000          x2c1
 88.0000    0    2.000   1.0000          NULL 
 90.0000    3    4.000   1.0000          x1c2
 94.0000    0    6.000   1.0000          NULL 
100.0000    1    4.000   1.0000          x1c1
104.0000    0    8.000   1.0000          NULL 
112.0000    2    4.000   1.0000          x2c1
116.0000    0   14.000   1.0000          NULL 
130.0000    2    4.000   1.0000          x2c1
134.0000    0   10.000   1.0000          NULL 
144.0000    3    4.000   1.0000          x1c2
148.0000    0    4.000   1.0000          NULL 
152.0000    1    4.000   1.0000          x1c1
156.0000    0    4.000   1.0000          NULL 
160.0000    2    4.000   1.0000          x2c1
164.0000    0   12.000   1.0000          NULL 
176.0000    1    4.000   1.0000          x1c1
180.0000    0    6.000   1.0000          NULL 
186.0000    4    4.000   1.0000          x2c2
190.0000    0    6.000   1.0000          NULL 
196.0000    4    4.000   1.0000          x2c2
200.0000    0   10.000   1.0000          NULL 
210.0000    3    4.000   1.0000          x1c2
214.0000    0   10.000   1.0000          NULL 
224.0000    4    4.000   1.0000          x2c2
228.0000    0   12.000   1.0000          NULL 
