  0.0000    1    4.000   1.0000          x1c1
  4.0000    0    4.000   1.0000          NULL 
  8.0000    2    4.000   1.0000          x2c1
 12.0000    0   10.000   1.0000          NULL 
 22.0000    1    4.000   1.0000          x1c1
 26.0000    0   12.000   1.0000          NULL 
 38.0000    4    4.000   1.0000          x2c2
 42.0000    0    2.000   1.0000          NULL 
 44.0000    2    4.000   1.0000          x2c1
 48.0000    0   10.000   1.0000          NULL 
 58.0000    4    4.000   1.0000          x2c2
 62.0000    0    8.000   1.0000          NULL 
 70.0000    3    4.000   1.0000          x1c2
 74.0000    0    8.000   1.0000          NULL 
 82.0000    4    4.000   1.0000          x2c2
 86.0000    0    4.000   1.0000          NULL 
 90.0000    2    4.000   1.0000          x2c1
 94.0000    0   10.000   1.0000          NULL 
104.0000    1    4.000   1.0000          x1c1
108.0000    0    8.000   1.0000          NULL 
116.0000    3    4.000   1.0000          x1c2
120.0000    0   14.000   1.0000          NULL 
134.0000    4    4.000   1.0000          x2c2
138.0000    0    2.000   1.0000          NULL 
140.0000    4    4.000   1.0000          x2c2
144.0000    0    6.000   1.0000          NULL 
150.0000    2    4.000   1.0000          x2c1
154.0000    0   12.000   1.0000          NULL 
166.0000    1    4.000   1.0000          x1c1
170.0000    0   10.000   1.0000          NULL 
180.0000    3    4.000   1.0000          x1c2
184.0000    0   10.000   1.0000          NULL 
194.0000    1    4.000   1.0000          x1c1
198.0000    0    6.000   1.0000          NULL 
204.0000    2    4.000   1.0000          x2c1
208.0000    0    2.000   1.0000          NULL 
210.0000    3    4.000   1.0000          x1c2
214.0000    0   12.000   1.0000          NULL 
226.0000    3    4.000   1.0000          x1c2
230.0000    0   10.000   1.0000          NULL 
