  0.0000    1    4.000   1.0000          x1c1
  4.0000    0   10.000   1.0000          NULL 
 14.0000    2    4.000   1.0000          x2c1
 18.0000    0    4.000   1.0000          NULL 
 22.0000    4    4.000   1.0000          x2c2
 26.0000    0   10.000   1.0000          NULL 
 36.0000    4    4.000   1.0000          x2c2
 40.0000    0   12.000   1.0000          NULL 
 52.0000    3    4.000   1.0000          x1c2
 56.0000    0   10.000   1.0000          NULL 
 66.0000    2    4.000   1.0000          x2c1
 70.0000    0   14.000   1.0000          NULL 
 84.0000    4    4.000   1.0000          x2c2
 88.0000    0    4.000   1.0000          NULL 
 92.0000    3    4.000   1.0000          x1c2
 96.0000    0    6.000   1.0000          NULL 
102.0000    1    4.000   1.0000          x1c1
106.0000    0    6.000   1.0000          NULL 
112.0000    3    4.000   1.0000          x1c2
116.0000    0    4.000   1.0000          NULL 
120.0000    1    4.000   1.0000          x1c1
124.0000    0   10.000   1.0000          NULL 
134.0000    1    4.000   1.0000          x1c1
138.0000    0    2.000   1.0000          NULL 
140.0000    1    4.000   1.0000          x1c1
144.0000    0   12.000   1.0000          NULL 
156.0000    2    4.000   1.0000          x2c1
160.0000    0    6.000   1.0000          NULL 
166.0000    2    4.000   1.0000          x2c1
170.0000    0    2.000   1.0000          NULL 
172.0000    2    4.000   1.0000          x2c1
176.0000    0    8.000   1.0000          NULL 
184.0000    4    4.000   1.0000          x2c2
188.0000    0   10.000   1.0000          NULL 
198.0000    4    4.000   1.0000          x2c2
202.0000    0    8.000   1.0000          NULL 
210.0000    3    4.000   1.0000          x1c2
214.0000    0   10.000   1.0000          NULL 
224.0000    3    4.000   1.0000          x1c2
228.0000    0   12.000   1.0000          NULL 
