  0.0000    1    4.000   1.0000          x1c1
  4.0000    0    6.000   1.0000          NULL 
 10.0000    1    4.000   1.0000          x1c1
 14.0000    0   10.000   1.0000          NULL 
 24.0000    4    4.000   1.0000          x2c2
 28.0000    0    8.000   1.0000          NULL 
 36.0000    3    4.000   1.0000          x1c2
 40.0000    0    8.000   1.0000          NULL 
 48.0000    3    4.000   1.0000          x1c2
 52.0000    0   14.000   1.0000          NULL 
 66.0000    2    4.000   1.0000          x2c1
 70.0000    0    6.000   1.0000          NULL 
 76.0000    4    4.000   1.0000          x2c2
 80.0000    0    4.000   1.0000          NULL 
 84.0000    2    4.000   1.0000          x2c1
 88.0000    0    8.000   1.0000          NULL 
 96.0000    1    4.000   1.0000          x1c1
100.0000    0    4.000   1.0000          NULL 
104.0000    1    4.000   1.0000          x1c1
108.0000    0    4.000   1.0000          NULL 
112.0000    2    4.000   1.0000          x2c1
116.0000    0    6.000   1.0000          NULL 
122.0000    2    4.000   1.0000          x2c1
126.0000    0    8.000   1.0000          NULL 
134.0000    4    4.000   1.0000          x2c2
138.0000    0    2.000   1.0000          NULL 
140.0000    3    4.000   1.0000          x1c2
144.0000    0    8.000   1.0000          NULL 
152.0000    2    4.000   1.0000          x2c1
156.0000    0   12.000   1.0000          NULL 
168.0000    1    4.000   1.0000          x1c1
172.0000    0    4.000   1.0000          NULL 
176.0000    3    4.000   1.0000          x1c2
180.0000    0    6.000   1.0000          NULL 
186.0000    4    4.000   1.0000          x2c2
190.0000    0   12.000   1.0000          NULL 
202.0000    3    4.000   1.0000          x1c2
206.0000    0   12.000   1.0000          NULL 
218.0000    4    4.000   1.0000          x2c2
222.0000    0   18.000   1.0000          NULL 
