  0.0000    1    4.000   1.0000          x1c1
  4.0000    0   10.000   1.0000          NULL 
 14.0000    2    4.000   1.0000          x2c1
 18.0000    0   10.000   1.0000          NULL 
 28.0000    3    4.000   1.0000          x1c2
 32.0000    0    8.000   1.0000          NULL 
 40.0000    1    4.000   1.0000          x1c1
 44.0000    0   10.000   1.0000          NULL 
 54.0000    2    4.000   1.0000          x2c1
 58.0000    0    4.000   1.0000          NULL 
 62.0000    3    4.000   1.0000          x1c2
 66.0000    0   10.000   1.0000          NULL 
 76.0000    1    4.000   1.0000          x1c1
 80.0000    0    6.000   1.0000          NULL 
 86.0000    1    4.000   1.0000          x1c1
 90.0000    0    2.000   1.0000          NULL 
 92.0000    2    4.000   1.0000          x2c1
 96.0000    0   10.000   1.0000          NULL 
106.0000    4    4.000   1.0000          x2c2
110.0000    0   10.000   1.0000          NULL 
120.0000    1    4.000   1.0000          x1c1
124.0000    0   10.000   1.0000          NULL 
134.0000    4    4.000   1.0000          x2c2
138.0000    0    2.000   1.0000          NULL 
140.0000    4    4.000   1.0000          x2c2
144.0000    0    6.000   1.0000          NULL 
150.0000    3    4.000   1.0000          x1c2
154.0000    0   14.000   1.0000          NULL 
168.0000    3    4.000   1.0000          x1c2
172.0000    0   12.000   1.0000          NULL 
184.0000    3    4.000   1.0000          x1c2
188.0000    0    2.000   1.0000          NULL 
190.0000    2    4.000   1.0000          x2c1
194.0000    0    6.000   1.0000          NULL 
200.0000    4    4.000   1.0000          x2c2
204.0000    0   12.000   1.0000          NULL 
216.0000    4    4.000   1.0000          x2c2
220.0000    0    6.000   1.0000          NULL 
226.0000    2    4.000   1.0000          x2c1
230.0000    0   10.000   1.0000          NULL 
