  0.0000    2    4.000   1.0000          x2c1
  4.0000    0    6.000   1.0000          NULL 
 10.0000    4    4.000   1.0000          x2c2
 14.0000    0    6.000   1.0000          NULL 
 20.0000    1    4.000   1.0000          x1c1
 24.0000    0   10.000   1.0000          NULL 
 34.0000    1    4.000   1.0000          x1c1
 38.0000    0    2.000   1.0000          NULL 
 40.0000    1    4.000   1.0000          x1c1
 44.0000    0   10.000   1.0000          NULL 
 54.0000    4    4.000   1.0000          x2c2
 58.0000    0    4.000   1.0000          NULL 
 62.0000    3    4.000   1.0000          x1c2
 66.0000    0   10.000   1.0000          NULL 
 76.0000    3    4.000   1.0000          x1c2
 80.0000    0   10.000   1.0000          NULL 
 90.0000    4    4.000   1.0000          x2c2
 94.0000    0    2.000   1.0000          NULL 
 96.0000    2    4.000   1.0000          x2c1
100.0000    0    6.000   1.0000          NULL 
106.0000    1    4.000   1.0000          x1c1
110.0000    0   14.000   1.0000          NULL 
124.0000    3    4.000   1.0000          x1c2
128.0000    0   12.000   1.0000          NULL 
140.0000    2    4.000   1.0000          x2c1
144.0000    0   10.000   1.0000          NULL 
154.0000    2    4.000   1.0000          x2c1
158.0000    0   10.000   1.0000          NULL 
168.0000    1    4.000   1.0000          x1c1
172.0000    0    8.000   1.0000          NULL 
180.0000    4    4.000   1.0000          x2c2
184.0000    0   10.000   1.0000          NULL 
194.0000    3    4.000   1.0000          x1c2
198.0000    0    6.000   1.0000          NULL 
204.0000    3    4.000   1.0000          x1c2
208.0000    0    4.000   1.0000          NULL 
212.0000    2    4.000   1.0000          x2c1
216.0000    0    4.000   1.0000          NULL 
220.0000    4    4.000   1.0000          x2c2
224.0000    0   16.000   1.0000          NULL 
