  0.0000    3    4.000   1.0000          x1c2
  4.0000    0    6.000   1.0000          NULL 
 10.0000    1    4.000   1.0000          x1c1
 14.0000    0    8.000   1.0000          NULL 
 22.0000    1    4.000   1.0000          x1c1
 26.0000    0   10.000   1.0000          NULL 
 36.0000    3    4.000   1.0000          x1c2
 40.0000    0    2.000   1.0000          NULL 
 42.0000    1    4.000   1.0000          x1c1
 46.0000    0    4.000   1.0000          NULL 
 50.0000    2    4.000   1.0000          x2c1
 54.0000    0   10.000   1.0000          NULL 
 64.0000    3    4.000   1.0000          x1c2
 68.0000    0   10.000   1.0000          NULL 
 78.0000    4    4.000   1.0000          x2c2
 82.0000    0   12.000   1.0000          NULL 
 94.0000    4    4.000   1.0000          x2c2
 98.0000    0    8.000   1.0000          NULL 
106.0000    2    4.000   1.0000          x2c1
110.0000    0    8.000   1.0000          NULL 
118.0000    3    4.000   1.0000          x1c2
122.0000    0    8.000   1.0000          NULL 
130.0000    4    4.000   1.0000          x2c2
134.0000    0    8.000   1.0000          NULL 
142.0000    4    4.000   1.0000          x2c2
146.0000    0    6.000   1.0000          NULL 
152.0000    2    4.000   1.0000          x2c1
156.0000    0   12.000   1.0000          NULL 
168.0000    1    4.000   1.0000          x1c1
172.0000    0    2.000   1.0000          NULL 
174.0000    3    4.000   1.0000          x1c2
178.0000    0    8.000   1.0000          NULL 
186.0000    4    4.000   1.0000          x2c2
190.0000    0   10.000   1.0000          NULL 
200.0000    2    4.000   1.0000          x2c1
204.0000    0   10.000   1.0000          NULL 
214.0000    1    4.000   1.0000          x1c1
218.0000    0    6.000   1.0000          NULL 
224.0000    2    4.000   1.0000          x2c1
228.0000    0   12.000   1.0000          NULL 
