  0.0000    4    4.000   1.0000          x2c2
  4.0000    0    6.000   1.0000          NULL 
 10.0000    2    4.000   1.0000          x2c1
 14.0000    0   12.000   1.0000          NULL 
 26.0000    3    4.000   1.0000          x1c2
 30.0000    0    8.000   1.0000          NULL 
 38.0000    4    4.000   1.0000          x2c2
 42.0000    0    6.000   1.0000          NULL 
 48.0000    1    4.000   1.0000          x1c1
 52.0000    0   10.000   1.0000          NULL 
 62.0000    3    4.000   1.0000          x1c2
 66.0000    0    4.000   1.0000          NULL 
 70.0000    4    4.000   1.0000          x2c2
 74.0000    0   12.000   1.0000          NULL 
 86.0000    3    4.000   1.0000          x1c2
 90.0000    0    4.000   1.0000          NULL 
 94.0000    2    4.000   1.0000          x2c1
 98.0000    0    2.000   1.0000          NULL 
100.0000    3    4.000   1.0000          x1c2
104.0000    0    6.000   1.0000          NULL 
110.0000    4    4.000   1.0000          x2c2
114.0000    0   10.000   1.0000          NULL 
124.0000    4    4.000   1.0000          x2c2
128.0000    0   12.000   1.0000          NULL 
140.0000    2    4.000   1.0000          x2c1
144.0000    0   12.000   1.0000          NULL 
156.0000    1    4.000   1.0000          x1c1
160.0000    0    8.000   1.0000          NULL 
168.0000    3    4.000   1.0000          x1c2
172.0000    0   12.000   1.0000          NULL 
184.0000    2    4.000   1.0000          x2c1
188.0000    0    6.000   1.0000          NULL 
194.0000    1    4.000   1.0000          x1c1
198.0000    0   10.000   1.0000          NULL 
208.0000    2    4.000   1.0000          x2c1
212.0000    0    4.000   1.0000          NULL 
216.0000    1    4.000   1.0000          x1c1
220.0000    0    6.000   1.0000          NULL 
226.0000    1    4.000   1.0000          x1c1
230.0000    0   10.000   1.0000          NULL 
