  0.0000    4    4.000   1.0000          x2c2
  4.0000    0    8.000   1.0000          NULL 
 12.0000    3    4.000   1.0000          x1c2
 16.0000    0    6.000   1.0000          NULL 
 22.0000    4    4.000   1.0000          x2c2
 26.0000    0   14.000   1.0000          NULL 
 40.0000    1    4.000   1.0000          x1c1
 44.0000    0    2.000   1.0000          NULL 
 46.0000    3    4.000   1.0000          x1c2
 50.0000    0   10.000   1.0000          NULL 
 60.0000    1    4.000   1.0000          x1c1
 64.0000    0    6.000   1.0000          NULL 
 70.0000    2    4.000   1.0000          x2c1
 74.0000    0    4.000   1.0000          NULL 
 78.0000    1    4.000   1.0000          x1c1
 82.0000    0    6.000   1.0000          NULL 
 88.0000    1    4.000   1.0000          x1c1
 92.0000    0   10.000   1.0000          NULL 
102.0000    4    4.000   1.0000          x2c2
106.0000    0    2.000   1.0000          NULL 
108.0000    4    4.000   1.0000          x2c2
112.0000    0    6.000   1.0000          NULL 
118.0000    4    4.000   1.0000          x2c2
122.0000    0   10.000   1.0000          NULL 
132.0000    1    4.000   1.0000          x1c1
136.0000    0   14.000   1.0000          NULL 
150.0000    2    4.000   1.0000          x2c1
154.0000    0   10.000   1.0000          NULL 
164.0000    2    4.000   1.0000          x2c1
168.0000    0    8.000   1.0000          NULL 
176.0000    2    4.000   1.0000          x2c1
180.0000    0   10.000   1.0000          NULL 
190.0000    2    4.000   1.0000          x2c1
194.0000    0    2.000   1.0000          NULL 
196.0000    3    4.000   1.0000          x1c2
200.0000    0   12.000   1.0000          NULL 
212.0000    3    4.000   1.0000          x1c2
216.0000    0    8.000   1.0000          NULL 
224.0000    3    4.000   1.0000          x1c2
228.0000    0   12.000   1.0000          NULL 
