  0.0000    1    4.000   1.0000          x1c1
  4.0000    0    6.000   1.0000          NULL 
 10.0000    1    4.000   1.0000          x1c1
 14.0000    0    8.000   1.0000          NULL 
 22.0000    4    4.000   1.0000          x2c2
 26.0000    0    8.000   1.0000          NULL 
 34.0000    3    4.000   1.0000          x1c2
 38.0000    0    4.000   1.0000          NULL 
 42.0000    2    4.000   1.0000          x2c1
 46.0000    0    2.000   1.0000          NULL 
 48.0000    1    4.000   1.0000          x1c1
 52.0000    0   10.000   1.0000          NULL 
 62.0000    2    4.000   1.0000          x2c1
 66.0000    0    8.000   1.0000          NULL 
 74.0000    1    4.000   1.0000          x1c1
 78.0000    0    2.000   1.0000          NULL 
 80.0000    3    4.000   1.0000          x1c2
 84.0000    0   10.000   1.0000          NULL 
 94.0000    2    4.000   1.0000          x2c1
 98.0000    0   10.000   1.0000          NULL 
108.0000    3    4.000   1.0000          x1c2
112.0000    0   12.000   1.0000          NULL 
124.0000    4    4.000   1.0000          x2c2
128.0000    0   10.000   1.0000          NULL 
138.0000    3    4.000   1.0000          x1c2
142.0000    0   14.000   1.0000          NULL 
156.0000    4    4.000   1.0000          x2c2
160.0000    0    8.000   1.0000          NULL 
168.0000    2    4.000   1.0000          x2c1
172.0000    0    6.000   1.0000          NULL 
178.0000    1    4.000   1.0000          x1c1
182.0000    0    8.000   1.0000          NULL 
190.0000    2    4.000   1.0000          x2c1
194.0000    0    8.000   1.0000          NULL 
202.0000    4    4.000   1.0000          x2c2
206.0000    0    2.000   1.0000          NULL 
208.0000    4    4.000   1.0000          x2c2
212.0000    0    8.000   1.0000          NULL 
220.0000    3    4.000   1.0000          x1c2
224.0000    0   16.000   1.0000          NULL 
