  0.0000    3    4.000   1.0000          x1c2
  4.0000    0    6.000   1.0000          NULL 
 10.0000    1    4.000   1.0000          x1c1
 14.0000    0   12.000   1.0000          NULL 
 26.0000    2    4.000   1.0000          x2c1
 30.0000    0   10.000   1.0000          NULL 
 40.0000    2    4.000   1.0000          x2c1
 44.0000    0    6.000   1.0000          NULL 
 50.0000    2    4.000   1.0000          x2c1
 54.0000    0    8.000   1.0000          NULL 
 62.0000    4    4.000   1.0000          x2c2
 66.0000    0    6.000   1.0000          NULL 
 72.0000    2    4.000   1.0000          x2c1
 76.0000    0   12.000   1.0000          NULL 
 88.0000    4    4.000   1.0000          x2c2
 92.0000    0    8.000   1.0000          NULL 
100.0000    2    4.000   1.0000          x2c1
104.0000    0    4.000   1.0000          NULL 
108.0000    3    4.000   1.0000          x1c2
112.0000    0   10.000   1.0000          NULL 
122.0000    4    4.000   1.0000          x2c2
126.0000    0    2.000   1.0000          NULL 
128.0000    1    4.000   1.0000          x1c1
132.0000    0    2.000   1.0000          NULL 
134.0000    1    4.000   1.0000          x1c1
138.0000    0    4.000   1.0000          NULL 
142.0000    3    4.000   1.0000          x1c2
146.0000    0    4.000   1.0000          NULL 
150.0000    4    4.000   1.0000          x2c2
154.0000    0   14.000   1.0000          NULL 
168.0000    3    4.000   1.0000          x1c2
172.0000    0   10.000   1.0000          NULL 
182.0000    1    4.000   1.0000          x1c1
186.0000    0   10.000   1.0000          NULL 
196.0000    3    4.000   1.0000          x1c2
200.0000    0   12.000   1.0000          NULL 
212.0000    4    4.000   1.0000          x2c2
216.0000    0    8.000   1.0000          NULL 
224.0000    1    4.000   1.0000          x1c1
228.0000    0   12.000   1.0000          NULL 
