  0.0000    1    4.000   1.0000          x1c1
  4.0000    0    6.000   1.0000          NULL 
 10.0000    1    4.000   1.0000          x1c1
 14.0000    0    6.000   1.0000          NULL 
 20.0000    3    4.000   1.0000          x1c2
 24.0000    0    4.000   1.0000          NULL 
 28.0000    3    4.000   1.0000          x1c2
 32.0000    0   12.000   1.0000          NULL 
 44.0000    1    4.000   1.0000          x1c1
 48.0000    0    6.000   1.0000          NULL 
 54.0000    2    4.000   1.0000          x2c1
 58.0000    0   10.000   1.0000          NULL 
 68.0000    2    4.000   1.0000          x2c1
 72.0000    0    6.000   1.0000          NULL 
 78.0000    4    4.000   1.0000          x2c2
 82.0000    0    6.000   1.0000          NULL 
 88.0000    4    4.000   1.0000          x2c2
 92.0000    0    6.000   1.0000          NULL 
 98.0000    2    4.000   1.0000          x2c1
102.0000    0   10.000   1.0000          NULL 
112.0000    3    4.000   1.0000          x1c2
116.0000    0   10.000   1.0000          NULL 
126.0000    1    4.000   1.0000          x1c1
130.0000    0    8.000   1.0000          NULL 
138.0000    2    4.000   1.0000          x2c1
142.0000    0    8.000   1.0000          NULL 
150.0000    4    4.000   1.0000          x2c2
154.0000    0    8.000   1.0000          NULL 
162.0000    4    4.000   1.0000          x2c2
166.0000    0    8.000   1.0000          NULL 
174.0000    3    4.000   1.0000          x1c2
178.0000    0    8.000   1.0000          NULL 
186.0000    3    4.000   1.0000          x1c2
190.0000    0   14.000   1.0000          NULL 
204.0000    4    4.000   1.0000          x2c2
208.0000    0    4.000   1.0000          NULL 
212.0000    1    4.000   1.0000          x1c1
216.0000    0    2.000   1.0000          NULL 
218.0000    2    4.000   1.0000          x2c1
222.0000    0   18.000   1.0000          NULL 
