  0.0000    2    4.000   1.0000          x2c1
  4.0000    0    4.000   1.0000          NULL 
  8.0000    2    4.000   1.0000          x2c1
 12.0000    0    8.000   1.0000          NULL 
 20.0000    4    4.000   1.0000          x2c2
 24.0000    0   10.000   1.0000          NULL 
 34.0000    1    4.000   1.0000          x1c1
 38.0000    0    2.000   1.0000          NULL 
 40.0000    3    4.000   1.0000          x1c2
 44.0000    0    2.000   1.0000          NULL 
 46.0000    3    4.000   1.0000          x1c2
 50.0000    0    8.000   1.0000          NULL 
 58.0000    3    4.000   1.0000          x1c2
 62.0000    0   12.000   1.0000          NULL 
 74.0000    4    4.000   1.0000          x2c2
 78.0000    0    8.000   1.0000          NULL 
 86.0000    4    4.000   1.0000          x2c2
 90.0000    0   10.000   1.0000          NULL 
100.0000    3    4.000   1.0000          x1c2
104.0000    0   10.000   1.0000          NULL 
114.0000    4    4.000   1.0000          x2c2
118.0000    0   12.000   1.0000          NULL 
130.0000    4    4.000   1.0000          x2c2
134.0000    0   10.000   1.0000          NULL 
144.0000    1    4.000   1.0000          x1c1
148.0000    0    2.000   1.0000          NULL 
150.0000    1    4.000   1.0000          x1c1
154.0000    0   14.000   1.0000          NULL 
168.0000    1    4.000   1.0000          x1c1
172.0000    0    8.000   1.0000          NULL 
180.0000    2    4.000   1.0000          x2c1
184.0000    0    8.000   1.0000          NULL 
192.0000    3    4.000   1.0000          x1c2
196.0000    0    6.000   1.0000          NULL 
202.0000    2    4.000   1.0000          x2c1
206.0000    0   10.000   1.0000          NULL 
216.0000    2    4.000   1.0000          x2c1
220.0000    0    2.000   1.0000          NULL 
222.0000    1    4.000   1.0000          x1c1
226.0000    0   14.000   1.0000          NULL 
