  0.0000    1    4.000   1.0000          x1c1
  4.0000    0    2.000   1.0000          NULL 
  6.0000    3    4.000   1.0000          x1c2
 10.0000    0    4.000   1.0000          NULL 
 14.0000    4    4.000   1.0000          x2c2
 18.0000    0    6.000   1.0000          NULL 
 24.0000    3    4.000   1.0000          x1c2
 28.0000    0    8.000   1.0000          NULL 
 36.0000    1    4.000   1.0000          x1c1
 40.0000    0    4.000   1.0000          NULL 
 44.0000    2    4.000   1.0000          x2c1
 48.0000    0   10.000   1.0000          NULL 
 58.0000    4    4.000   1.0000          x2c2
 62.0000    0   12.000   1.0000          NULL 
 74.0000    1    4.000   1.0000          x1c1
 78.0000    0    6.000   1.0000          NULL 
 84.0000    4    4.000   1.0000          x2c2
 88.0000    0    8.000   1.0000          NULL 
 96.0000    3    4.000   1.0000          x1c2
100.0000    0    6.000   1.0000          NULL 
106.0000    3    4.000   1.0000          x1c2
110.0000    0   12.000   1.0000          NULL 
122.0000    1    4.000   1.0000          x1c1
126.0000    0    8.000   1.0000          NULL 
134.0000    4    4.000   1.0000          x2c2
138.0000    0   12.000   1.0000          NULL 
150.0000    4    4.000   1.0000          x2c2
154.0000    0    2.000   1.0000          NULL 
156.0000    1    4.000   1.0000          x1c1
160.0000    0   10.000   1.0000          NULL 
170.0000    2    4.000   1.0000          x2c1
174.0000    0    8.000   1.0000          NULL 
182.0000    2    4.000   1.0000          x2c1
186.0000    0   10.000   1.0000          NULL 
196.0000    2    4.000   1.0000          x2c1
200.0000    0    8.000   1.0000          NULL 
208.0000    2    4.000   1.0000          x2c1
212.0000    0   10.000   1.0000          NULL 
222.0000    3    4.000   1.0000          x1c2
226.0000    0   14.000   1.0000          NULL 
