  0.0000    1    4.000   1.0000          x1c1
  4.0000    0    2.000   1.0000          NULL 
  6.0000    1    4.000   1.0000          x1c1
 10.0000    0   12.000   1.0000          NULL 
 22.0000    4    4.000   1.0000          x2c2
 26.0000    0    4.000   1.0000          NULL 
 30.0000    3    4.000   1.0000          x1c2
 34.0000    0   10.000   1.0000          NULL 
 44.0000    1    4.000   1.0000          x1c1
 48.0000    0    2.000   1.0000          NULL 
 50.0000    3    4.000   1.0000          x1c2
 54.0000    0   12.000   1.0000          NULL 
 66.0000    4    4.000   1.0000          x2c2
 70.0000    0    8.000   1.0000          NULL 
 78.0000    2    4.000   1.0000          x2c1
 82.0000    0    8.000   1.0000          NULL 
 90.0000    2    4.000   1.0000          x2c1
 94.0000    0    8.000   1.0000          NULL 
102.0000    1    4.000   1.0000          x1c1
106.0000    0    6.000   1.0000          NULL 
112.0000    2    4.000   1.0000          x2c1
116.0000    0    8.000   1.0000          NULL 
124.0000    2    4.000   1.0000          x2c1
128.0000    0    8.000   1.0000          NULL 
136.0000    4    4.000   1.0000          x2c2
140.0000    0    2.000   1.0000          NULL 
142.0000    3    4.000   1.0000          x1c2
146.0000    0   10.000   1.0000          NULL 
156.0000    3    4.000   1.0000          x1c2
160.0000    0    8.000   1.0000          NULL 
168.0000    1    4.000   1.0000          x1c1
172.0000    0    4.000   1.0000          NULL 
176.0000    4    4.000   1.0000          x2c2
180.0000    0    8.000   1.0000          NULL 
188.0000    3    4.000   1.0000          x1c2
192.0000    0   14.000   1.0000          NULL 
206.0000    2    4.000   1.0000          x2c1
210.0000    0   14.000   1.0000          NULL 
224.0000    4    4.000   1.0000          x2c2
228.0000    0   12.000   1.0000          NULL 
