  0.0000    2    4.000   1.0000          x2c1
  4.0000    0    8.000   1.0000          NULL 
 12.0000    4    4.000   1.0000          x2c2
 16.0000    0    4.000   1.0000          NULL 
 20.0000    3    4.000   1.0000          x1c2
 24.0000    0   14.000   1.0000          NULL 
 38.0000    2    4.000   1.0000          x2c1
 42.0000    0    4.000   1.0000          NULL 
 46.0000    1    4.000   1.0000          x1c1
 50.0000    0    8.000   1.0000          NULL 
 58.0000    4    4.000   1.0000          x2c2
 62.0000    0    8.000   1.0000          NULL 
 70.0000    2    4.000   1.0000          x2c1
 74.0000    0   12.000   1.0000          NULL 
 86.0000    1    4.000   1.0000          x1c1
 90.0000    0    8.000   1.0000          NULL 
 98.0000    1    4.000   1.0000          x1c1
102.0000    0    8.000   1.0000          NULL 
110.0000    3    4.000   1.0000          x1c2
114.0000    0    6.000   1.0000          NULL 
120.0000    4    4.000   1.0000          x2c2
124.0000    0    8.000   1.0000          NULL 
132.0000    3    4.000   1.0000          x1c2
136.0000    0   10.000   1.0000          NULL 
146.0000    4    4.000   1.0000          x2c2
150.0000    0    6.000   1.0000          NULL 
156.0000    4    4.000   1.0000          x2c2
160.0000    0    2.000   1.0000          NULL 
162.0000    3    4.000   1.0000          x1c2
166.0000    0    6.000   1.0000          NULL 
172.0000    1    4.000   1.0000          x1c1
176.0000    0    6.000   1.0000          NULL 
182.0000    2    4.000   1.0000          x2c1
186.0000    0   12.000   1.0000          NULL 
198.0000    3    4.000   1.0000          x1c2
202.0000    0   12.000   1.0000          NULL 
214.0000    2    4.000   1.0000          x2c1
218.0000    0    2.000   1.0000          NULL 
220.0000    1    4.000   1.0000          x1c1
224.0000    0   16.000   1.0000          NULL 
