  0.0000    4    4.000   1.0000          x2c2
  4.0000    0    8.000   1.0000          NULL 
 12.0000    2    4.000   1.0000          x2c1
 16.0000    0   14.000   1.0000          NULL 
 30.0000    3    4.000   1.0000          x1c2
 34.0000    0   14.000   1.0000          NULL 
 48.0000    1    4.000   1.0000          x1c1
 52.0000    0    2.000   1.0000          NULL 
 54.0000    2    4.000   1.0000          x2c1
 58.0000    0    8.000   1.0000          NULL 
 66.0000    1    4.000   1.0000          x1c1
 70.0000    0    2.000   1.0000          NULL 
 72.0000    1    4.000   1.0000          x1c1
 76.0000    0   10.000   1.0000          NULL 
 86.0000    3    4.000   1.0000          x1c2
 90.0000    0   10.000   1.0000          NULL 
100.0000    2    4.000   1.0000          x2c1
104.0000    0   14.000   1.0000          NULL 
118.0000    4    4.000   1.0000          x2c2
122.0000    0    8.000   1.0000          NULL 
130.0000    3    4.000   1.0000          x1c2
134.0000    0   12.000   1.0000          NULL 
146.0000    1    4.000   1.0000          x1c1
150.0000    0    4.000   1.0000          NULL 
154.0000    4    4.000   1.0000          x2c2
158.0000    0   10.000   1.0000          NULL 
168.0000    2    4.000   1.0000          x2c1
172.0000    0   10.000   1.0000          NULL 
182.0000    2    4.000   1.0000          x2c1
186.0000    0    4.000   1.0000          NULL 
190.0000    3    4.000   1.0000          x1c2
194.0000    0    4.000   1.0000          NULL 
198.0000    4    4.000   1.0000          x2c2
202.0000    0    2.000   1.0000          NULL 
204.0000    4    4.000   1.0000          x2c2
208.0000    0    4.000   1.0000          NULL 
212.0000    1    4.000   1.0000          x1c1
216.0000    0    8.000   1.0000          NULL 
224.0000    3    4.000   1.0000          x1c2
228.0000    0   12.000   1.0000          NULL 
