  0.0000    1    4.000   1.0000          x1c1
  4.0000    0    2.000   1.0000          NULL 
  6.0000    3    4.000   1.0000          x1c2
 10.0000    0    2.000   1.0000          NULL 
 12.0000    3    4.000   1.0000          x1c2
 16.0000    0   14.000   1.0000          NULL 
 30.0000    2    4.000   1.0000          x2c1
 34.0000    0    4.000   1.0000          NULL 
 38.0000    4    4.000   1.0000          x2c2
 42.0000    0   12.000   1.0000          NULL 
 54.0000    1    4.000   1.0000          x1c1
 58.0000    0    8.000   1.0000          NULL 
 66.0000    2    4.000   1.0000          x2c1
 70.0000    0   12.000   1.0000          NULL 
 82.0000    4    4.000   1.0000          x2c2
 86.0000    0   10.000   1.0000          NULL 
 96.0000    1    4.000   1.0000          x1c1
100.0000    0    8.000   1.0000          NULL 
108.0000    4    4.000   1.0000          x2c2
112.0000    0   10.000   1.0000          NULL 
122.0000    3    4.000   1.0000          x1c2
126.0000    0   12.000   1.0000          NULL 
138.0000    4    4.000   1.0000          x2c2
142.0000    0   14.000   1.0000          NULL 
156.0000    3    4.000   1.0000          x1c2
160.0000    0    4.000   1.0000          NULL 
164.0000    1    4.000   1.0000          x1c1
168.0000    0   10.000   1.0000          NULL 
178.0000    2    4.000   1.0000          x2c1
182.0000    0    4.000   1.0000          NULL 
186.0000    2    4.000   1.0000          x2c1
190.0000    0   10.000   1.0000          NULL 
200.0000    4    4.000   1.0000          x2c2
204.0000    0    4.000   1.0000          NULL 
208.0000    1    4.000   1.0000          x1c1
212.0000    0    8.000   1.0000          NULL 
220.0000    2    4.000   1.0000          x2c1
224.0000    0    2.000   1.0000          NULL 
226.0000    3    4.000   1.0000          x1c2
230.0000    0   10.000   1.0000          NULL 
