  0.0000    4    4.000   1.0000          x2c2
  4.0000    0   10.000   1.0000          NULL 
 14.0000    2    4.000   1.0000          x2c1
 18.0000    0   10.000   1.0000          NULL 
 28.0000    3    4.000   1.0000          x1c2
 32.0000    0   12.000   1.0000          NULL 
 44.0000    4    4.000   1.0000          x2c2
 48.0000    0    8.000   1.0000          NULL 
 56.0000    3    4.000   1.0000          x1c2
 60.0000    0    8.000   1.0000          NULL 
 68.0000    1    4.000   1.0000          x1c1
 72.0000    0    6.000   1.0000          NULL 
 78.0000    1    4.000   1.0000          x1c1
 82.0000    0    8.000   1.0000          NULL 
 90.0000    4    4.000   1.0000          x2c2
 94.0000    0   10.000   1.0000          NULL 
104.0000    1    4.000   1.0000          x1c1
108.0000    0    8.000   1.0000          NULL 
116.0000    2    4.000   1.0000          x2c1
120.0000    0    2.000   1.0000          NULL 
122.0000    1    4.000   1.0000          x1c1
126.0000    0   12.000   1.0000          NULL 
138.0000    3    4.000   1.0000          x1c2
142.0000    0    2.000   1.0000          NULL 
144.0000    2    4.000   1.0000          x2c1
148.0000    0   10.000   1.0000          NULL 
158.0000    4    4.000   1.0000          x2c2
162.0000    0    6.000   1.0000          NULL 
168.0000    3    4.000   1.0000          x1c2
172.0000    0    6.000   1.0000          NULL 
178.0000    2    4.000   1.0000          x2c1
182.0000    0   12.000   1.0000          NULL 
194.0000    4    4.000   1.0000          x2c2
198.0000    0   14.000   1.0000          NULL 
212.0000    1    4.000   1.0000          x1c1
216.0000    0    2.000   1.0000          NULL 
218.0000    3    4.000   1.0000          x1c2
222.0000    0    4.000   1.0000          NULL 
226.0000    2    4.000   1.0000          x2c1
230.0000    0   10.000   1.0000          NULL 
