  0.0000    4    4.000   1.0000          x2c2
  4.0000    0   10.000   1.0000          NULL 
 14.0000    2    4.000   1.0000          x2c1
 18.0000    0    6.000   1.0000          NULL 
 24.0000    1    4.000   1.0000          x1c1
 28.0000    0   10.000   1.0000          NULL 
 38.0000    2    4.000   1.0000          x2c1
 42.0000    0   10.000   1.0000          NULL 
 52.0000    2    4.000   1.0000          x2c1
 56.0000    0   10.000   1.0000          NULL 
 66.0000    3    4.000   1.0000          x1c2
 70.0000    0    6.000   1.0000          NULL 
 76.0000    1    4.000   1.0000          x1c1
 80.0000    0    4.000   1.0000          NULL 
 84.0000    4    4.000   1.0000          x2c2
 88.0000    0   12.000   1.0000          NULL 
100.0000    4    4.000   1.0000          x2c2
104.0000    0    2.000   1.0000          NULL 
106.0000    1    4.000   1.0000          x1c1
110.0000    0    6.000   1.0000          NULL 
116.0000    3    4.000   1.0000          x1c2
120.0000    0    8.000   1.0000          NULL 
128.0000    3    4.000   1.0000          x1c2
132.0000    0    8.000   1.0000          NULL 
140.0000    2    4.000   1.0000          x2c1
144.0000    0    4.000   1.0000          NULL 
148.0000    4    4.000   1.0000          x2c2
152.0000    0    4.000   1.0000          NULL 
156.0000    3    4.000   1.0000          x1c2
160.0000    0    4.000   1.0000          NULL 
164.0000    1    4.000   1.0000          x1c1
168.0000    0   14.000   1.0000          NULL 
182.0000    1    4.000   1.0000          x1c1
186.0000    0   10.000   1.0000          NULL 
196.0000    2    4.000   1.0000          x2c1
200.0000    0   10.000   1.0000          NULL 
210.0000    4    4.000   1.0000          x2c2
214.0000    0   10.000   1.0000          NULL 
224.0000    3    4.000   1.0000          x1c2
228.0000    0   12.000   1.0000          NULL 
