  0.0000    2    4.000   1.0000          x2c1
  4.0000    0    8.000   1.0000          NULL 
 12.0000    1    4.000   1.0000          x1c1
 16.0000    0   10.000   1.0000          NULL 
 26.0000    3    4.000   1.0000          x1c2
 30.0000    0   12.000   1.0000          NULL 
 42.0000    3    4.000   1.0000          x1c2
 46.0000    0    8.000   1.0000          NULL 
 54.0000    2    4.000   1.0000          x2c1
 58.0000    0   10.000   1.0000          NULL 
 68.0000    2    4.000   1.0000          x2c1
 72.0000    0   10.000   1.0000          NULL 
 82.0000    1    4.000   1.0000          x1c1
 86.0000    0    8.000   1.0000          NULL 
 94.0000    4    4.000   1.0000          x2c2
 98.0000    0    6.000   1.0000          NULL 
104.0000    2    4.000   1.0000          x2c1
108.0000    0    8.000   1.0000          NULL 
116.0000    3    4.000   1.0000          x1c2
120.0000    0    6.000   1.0000          NULL 
126.0000    4    4.000   1.0000          x2c2
130.0000    0   12.000   1.0000          NULL 
142.0000    3    4.000   1.0000          x1c2
146.0000    0    8.000   1.0000          NULL 
154.0000    1    4.000   1.0000          x1c1
158.0000    0    2.000   1.0000          NULL 
160.0000    2    4.000   1.0000          x2c1
164.0000    0    2.000   1.0000          NULL 
166.0000    4    4.000   1.0000          x2c2
170.0000    0   10.000   1.0000          NULL 
180.0000    4    4.000   1.0000          x2c2
184.0000    0    2.000   1.0000          NULL 
186.0000    1    4.000   1.0000          x1c1
190.0000    0    4.000   1.0000          NULL 
194.0000    4    4.000   1.0000          x2c2
198.0000    0   14.000   1.0000          NULL 
212.0000    1    4.000   1.0000          x1c1
216.0000    0    6.000   1.0000          NULL 
222.0000    3    4.000   1.0000          x1c2
226.0000    0   14.000   1.0000          NULL 
