  0.0000    4    4.000   1.0000          x2c2
  4.0000    0    6.000   1.0000          NULL 
 10.0000    2    4.000   1.0000          x2c1
 14.0000    0   14.000   1.0000          NULL 
 28.0000    1    4.000   1.0000          x1c1
 32.0000    0    8.000   1.0000          NULL 
 40.0000    2    4.000   1.0000          x2c1
 44.0000    0    8.000   1.0000          NULL 
 52.0000    4    4.000   1.0000          x2c2
 56.0000    0   12.000   1.0000          NULL 
 68.0000    2    4.000   1.0000          x2c1
 72.0000    0    8.000   1.0000          NULL 
 80.0000    2    4.000   1.0000          x2c1
 84.0000    0   10.000   1.0000          NULL 
 94.0000    3    4.000   1.0000          x1c2
 98.0000    0    8.000   1.0000          NULL 
106.0000    4    4.000   1.0000          x2c2
110.0000    0   10.000   1.0000          NULL 
120.0000    3    4.000   1.0000          x1c2
124.0000    0    4.000   1.0000          NULL 
128.0000    3    4.000   1.0000          x1c2
132.0000    0    2.000   1.0000          NULL 
134.0000    2    4.000   1.0000          x2c1
138.0000    0    4.000   1.0000          NULL 
142.0000    4    4.000   1.0000          x2c2
146.0000    0   12.000   1.0000          NULL 
158.0000    3    4.000   1.0000          x1c2
162.0000    0    8.000   1.0000          NULL 
170.0000    1    4.000   1.0000          x1c1
174.0000    0   14.000   1.0000          NULL 
188.0000    1    4.000   1.0000          x1c1
192.0000    0    6.000   1.0000          NULL 
198.0000    4    4.000   1.0000          x2c2
202.0000    0    2.000   1.0000          NULL 
204.0000    1    4.000   1.0000          x1c1
208.0000    0    4.000   1.0000          NULL 
212.0000    1    4.000   1.0000          x1c1
216.0000    0    2.000   1.0000          NULL 
218.0000    3    4.000   1.0000          x1c2
222.0000    0   18.000   1.0000          NULL 
