  0.0000    1    4.000   1.0000          x1c1
  4.0000    0   12.000   1.0000          NULL 
 16.0000    3    4.000   1.0000          x1c2
 20.0000    0   10.000   1.0000          NULL 
 30.0000    2    4.000   1.0000          x2c1
 34.0000    0    8.000   1.0000          NULL 
 42.0000    4    4.000   1.0000          x2c2
 46.0000    0    2.000   1.0000          NULL 
 48.0000    4    4.000   1.0000          x2c2
 52.0000    0   10.000   1.0000          NULL 
 62.0000    1    4.000   1.0000          x1c1
 66.0000    0   12.000   1.0000          NULL 
 78.0000    1    4.000   1.0000          x1c1
 82.0000    0    8.000   1.0000          NULL 
 90.0000    2    4.000   1.0000          x2c1
 94.0000    0   12.000   1.0000          NULL 
106.0000    2    4.000   1.0000          x2c1
110.0000    0    6.000   1.0000          NULL 
116.0000    4    4.000   1.0000          x2c2
120.0000    0    4.000   1.0000          NULL 
124.0000    2    4.000   1.0000          x2c1
128.0000    0    4.000   1.0000          NULL 
132.0000    3    4.000   1.0000          x1c2
136.0000    0    2.000   1.0000          NULL 
138.0000    4    4.000   1.0000          x2c2
142.0000    0   14.000   1.0000          NULL 
156.0000    3    4.000   1.0000          x1c2
160.0000    0   10.000   1.0000          NULL 
170.0000    3    4.000   1.0000          x1c2
174.0000    0    8.000   1.0000          NULL 
182.0000    4    4.000   1.0000          x2c2
186.0000    0   10.000   1.0000          NULL 
196.0000    3    4.000   1.0000          x1c2
200.0000    0    4.000   1.0000          NULL 
204.0000    1    4.000   1.0000          x1c1
208.0000    0    6.000   1.0000          NULL 
214.0000    2    4.000   1.0000          x2c1
218.0000    0    2.000   1.0000          NULL 
220.0000    1    4.000   1.0000          x1c1
224.0000    0   16.000   1.0000          NULL 
