  0.0000    3    4.000   1.0000          x1c2
  4.0000    0    2.000   1.0000          NULL 
  6.0000    3    4.000   1.0000          x1c2
 10.0000    0    6.000   1.0000          NULL 
 16.0000    2    4.000   1.0000          x2c1
 20.0000    0   12.000   1.0000          NULL 
 32.0000    4    4.000   1.0000          x2c2
 36.0000    0   12.000   1.0000          NULL 
 48.0000    2    4.000   1.0000          x2c1
 52.0000    0    2.000   1.0000          NULL 
 54.0000    1    4.000   1.0000          x1c1
 58.0000    0   14.000   1.0000          NULL 
 72.0000    1    4.000   1.0000          x1c1
 76.0000    0    2.000   1.0000          NULL 
 78.0000    2    4.000   1.0000          x2c1
 82.0000    0    8.000   1.0000          NULL 
 90.0000    3    4.000   1.0000          x1c2
 94.0000    0    6.000   1.0000          NULL 
100.0000    1    4.000   1.0000          x1c1
104.0000    0   12.000   1.0000          NULL 
116.0000    3    4.000   1.0000          x1c2
120.0000    0   14.000   1.0000          NULL 
134.0000    4    4.000   1.0000          x2c2
138.0000    0    6.000   1.0000          NULL 
144.0000    2    4.000   1.0000          x2c1
148.0000    0   10.000   1.0000          NULL 
158.0000    4    4.000   1.0000          x2c2
162.0000    0    4.000   1.0000          NULL 
166.0000    1    4.000   1.0000          x1c1
170.0000    0    6.000   1.0000          NULL 
176.0000    4    4.000   1.0000          x2c2
180.0000    0    6.000   1.0000          NULL 
186.0000    3    4.000   1.0000          x1c2
190.0000    0    6.000   1.0000          NULL 
196.0000    4    4.000   1.0000          x2c2
200.0000    0   10.000   1.0000          NULL 
210.0000    1    4.000   1.0000          x1c1
214.0000    0    8.000   1.0000          NULL 
222.0000    2    4.000   1.0000          x2c1
226.0000    0   14.000   1.0000          NULL 
