  0.0000    1    4.000   1.0000          x1c1
  4.0000    0    2.000   1.0000          NULL 
  6.0000    1    4.000   1.0000          x1c1
 10.0000    0    4.000   1.0000          NULL 
 14.0000    2    4.000   1.0000          x2c1
 18.0000    0    8.000   1.0000          NULL 
 26.0000    4    4.000   1.0000          x2c2
 30.0000    0    4.000   1.0000          NULL 
 34.0000    3    4.000   1.0000          x1c2
 38.0000    0    2.000   1.0000          NULL 
 40.0000    3    4.000   1.0000          x1c2
 44.0000    0    2.000   1.0000          NULL 
 46.0000    1    4.000   1.0000          x1c1
 50.0000    0   12.000   1.0000          NULL 
 62.0000    2    4.000   1.0000          x2c1
 66.0000    0    8.000   1.0000          NULL 
 74.0000    4    4.000   1.0000          x2c2
 78.0000    0    8.000   1.0000          NULL 
 86.0000    4    4.000   1.0000          x2c2
 90.0000    0    6.000   1.0000          NULL 
 96.0000    4    4.000   1.0000          x2c2
100.0000    0    2.000   1.0000          NULL 
102.0000    3    4.000   1.0000          x1c2
106.0000    0   12.000   1.0000          NULL 
118.0000    1    4.000   1.0000          x1c1
122.0000    0    8.000   1.0000          NULL 
130.0000    2    4.000   1.0000          x2c1
134.0000    0   14.000   1.0000          NULL 
148.0000    4    4.000   1.0000          x2c2
152.0000    0    8.000   1.0000          NULL 
160.0000    2    4.000   1.0000          x2c1
164.0000    0    8.000   1.0000          NULL 
172.0000    2    4.000   1.0000          x2c1
176.0000    0    8.000   1.0000          NULL 
184.0000    3    4.000   1.0000          x1c2
188.0000    0   14.000   1.0000          NULL 
202.0000    1    4.000   1.0000          x1c1
206.0000    0   10.000   1.0000          NULL 
216.0000    3    4.000   1.0000          x1c2
220.0000    0   20.000   1.0000          NULL 
