  0.0000    1    4.000   1.0000          x1c1
  4.0000    0    8.000   1.0000          NULL 
 12.0000    3    4.000   1.0000          x1c2
 16.0000    0   14.000   1.0000          NULL 
 30.0000    1    4.000   1.0000          x1c1
 34.0000    0   10.000   1.0000          NULL 
 44.0000    2    4.000   1.0000          x2c1
 48.0000    0   10.000   1.0000          NULL 
 58.0000    4    4.000   1.0000          x2c2
 62.0000    0    4.000   1.0000          NULL 
 66.0000    4    4.000   1.0000          x2c2
 70.0000    0    6.000   1.0000          NULL 
 76.0000    3    4.000   1.0000          x1c2
 80.0000    0   10.000   1.0000          NULL 
 90.0000    4    4.000   1.0000          x2c2
 94.0000    0   10.000   1.0000          NULL 
104.0000    2    4.000   1.0000          x2c1
108.0000    0    4.000   1.0000          NULL 
112.0000    4    4.000   1.0000          x2c2
116.0000    0   10.000   1.0000          NULL 
126.0000    1    4.000   1.0000          x1c1
130.0000    0   12.000   1.0000          NULL 
142.0000    3    4.000   1.0000          x1c2
146.0000    0    8.000   1.0000          NULL 
154.0000    3    4.000   1.0000          x1c2
158.0000    0   10.000   1.0000          NULL 
168.0000    1    4.000   1.0000          x1c1
172.0000    0    4.000   1.0000          NULL 
176.0000    4    4.000   1.0000          x2c2
180.0000    0    8.000   1.0000          NULL 
188.0000    2    4.000   1.0000          x2c1
192.0000    0   10.000   1.0000          NULL 
202.0000    1    4.000   1.0000          x1c1
206.0000    0    4.000   1.0000          NULL 
210.0000    3    4.000   1.0000          x1c2
214.0000    0    4.000   1.0000          NULL 
218.0000    2    4.000   1.0000          x2c1
222.0000    0    4.000   1.0000          NULL 
226.0000    2    4.000   1.0000          x2c1
230.0000    0   10.000   1.0000          NULL 
