  0.0000    2    4.000   1.0000          x2c1
  4.0000    0   12.000   1.0000          NULL 
 16.0000    4    4.000   1.0000          x2c2
 20.0000    0   10.000   1.0000          NULL 
 30.0000    4    4.000   1.0000          x2c2
 34.0000    0   10.000   1.0000          NULL 
 44.0000    3    4.000   1.0000          x1c2
 48.0000    0   12.000   1.0000          NULL 
 60.0000    4    4.000   1.0000          x2c2
 64.0000    0   12.000   1.0000          NULL 
 76.0000    3    4.000   1.0000          x1c2
 80.0000    0    8.000   1.0000          NULL 
 88.0000    1    4.000   1.0000          x1c1
 92.0000    0   10.000   1.0000          NULL 
102.0000    2    4.000   1.0000          x2c1
106.0000    0    6.000   1.0000          NULL 
112.0000    4    4.000   1.0000          x2c2
116.0000    0   10.000   1.0000          NULL 
126.0000    1    4.000   1.0000          x1c1
130.0000    0   10.000   1.0000          NULL 
140.0000    1    4.000   1.0000          x1c1
144.0000    0   14.000   1.0000          NULL 
158.0000    3    4.000   1.0000          x1c2
162.0000    0    4.000   1.0000          NULL 
166.0000    4    4.000   1.0000          x2c2
170.0000    0    8.000   1.0000          NULL 
178.0000    2    4.000   1.0000          x2c1
182.0000    0    2.000   1.0000          NULL 
184.0000    1    4.000   1.0000          x1c1
188.0000    0    6.000   1.0000          NULL 
194.0000    3    4.000   1.0000          x1c2
198.0000    0    4.000   1.0000          NULL 
202.0000    1    4.000   1.0000          x1c1
206.0000    0    2.000   1.0000          NULL 
208.0000    2    4.000   1.0000          x2c1
212.0000    0    6.000   1.0000          NULL 
218.0000    3    4.000   1.0000          x1c2
222.0000    0    2.000   1.0000          NULL 
224.0000    2    4.000   1.0000          x2c1
228.0000    0   12.000   1.0000          NULL 
