  0.0000    1    4.000   1.0000          x1c1
  4.0000    0    4.000   1.0000          NULL 
  8.0000    2    4.000   1.0000          x2c1
 12.0000    0    4.000   1.0000          NULL 
 16.0000    4    4.000   1.0000          x2c2
 20.0000    0    8.000   1.0000          NULL 
 28.0000    2    4.000   1.0000          x2c1
 32.0000    0    6.000   1.0000          NULL 
 38.0000    1    4.000   1.0000          x1c1
 42.0000    0   10.000   1.0000          NULL 
 52.0000    1    4.000   1.0000          x1c1
 56.0000    0   10.000   1.0000          NULL 
 66.0000    3    4.000   1.0000          x1c2
 70.0000    0    8.000   1.0000          NULL 
 78.0000    3    4.000   1.0000          x1c2
 82.0000    0    8.000   1.0000          NULL 
 90.0000    3    4.000   1.0000          x1c2
 94.0000    0    6.000   1.0000          NULL 
100.0000    2    4.000   1.0000          x2c1
104.0000    0   12.000   1.0000          NULL 
116.0000    1    4.000   1.0000          x1c1
120.0000    0    2.000   1.0000          NULL 
122.0000    4    4.000   1.0000          x2c2
126.0000    0    2.000   1.0000          NULL 
128.0000    4    4.000   1.0000          x2c2
132.0000    0    8.000   1.0000          NULL 
140.0000    2    4.000   1.0000          x2c1
144.0000    0    8.000   1.0000          NULL 
152.0000    2    4.000   1.0000          x2c1
156.0000    0    6.000   1.0000          NULL 
162.0000    3    4.000   1.0000          x1c2
166.0000    0    8.000   1.0000          NULL 
174.0000    4    4.000   1.0000          x2c2
178.0000    0    6.000   1.0000          NULL 
184.0000    3    4.000   1.0000          x1c2
188.0000    0    2.000   1.0000          NULL 
190.0000    1    4.000   1.0000          x1c1
194.0000    0   10.000   1.0000          NULL 
204.0000    4    4.000   1.0000          x2c2
208.0000    0   32.000   1.0000          NULL 
