  0.0000    2    4.000   1.0000          x2c1
  4.0000    0    6.000   1.0000          NULL 
 10.0000    3    4.000   1.0000          x1c2
 14.0000    0   12.000   1.0000          NULL 
 26.0000    4    4.000   1.0000          x2c2
 30.0000    0    2.000   1.0000          NULL 
 32.0000    4    4.000   1.0000          x2c2
 36.0000    0    4.000   1.0000          NULL 
 40.0000    1    4.000   1.0000          x1c1
 44.0000    0    8.000   1.0000          NULL 
 52.0000    3    4.000   1.0000          x1c2
 56.0000    0   12.000   1.0000          NULL 
 68.0000    4    4.000   1.0000          x2c2
 72.0000    0   10.000   1.0000          NULL 
 82.0000    3    4.000   1.0000          x1c2
 86.0000    0    8.000   1.0000          NULL 
 94.0000    3    4.000   1.0000          x1c2
 98.0000    0    8.000   1.0000          NULL 
106.0000    4    4.000   1.0000          x2c2
110.0000    0    8.000   1.0000          NULL 
118.0000    1    4.000   1.0000          x1c1
122.0000    0   10.000   1.0000          NULL 
132.0000    2    4.000   1.0000          x2c1
136.0000    0    6.000   1.0000          NULL 
142.0000    1    4.000   1.0000          x1c1
146.0000    0   12.000   1.0000          NULL 
158.0000    2    4.000   1.0000          x2c1
162.0000    0    6.000   1.0000          NULL 
168.0000    1    4.000   1.0000          x1c1
172.0000    0    6.000   1.0000          NULL 
178.0000    3    4.000   1.0000          x1c2
182.0000    0    6.000   1.0000          NULL 
188.0000    2    4.000   1.0000          x2c1
192.0000    0    4.000   1.0000          NULL 
196.0000    2    4.000   1.0000          x2c1
200.0000    0   14.000   1.0000          NULL 
214.0000    1    4.000   1.0000          x1c1
218.0000    0    6.000   1.0000          NULL 
224.0000    4    4.000   1.0000          x2c2
228.0000    0   12.000   1.0000          NULL 
