  0.0000    4    4.000   1.0000          x2c2
  4.0000    0    8.000   1.0000          NULL 
 12.0000    1    4.000   1.0000          x1c1
 16.0000    0   10.000   1.0000          NULL 
 26.0000    1    4.000   1.0000          x1c1
 30.0000    0    6.000   1.0000          NULL 
 36.0000    1    4.000   1.0000          x1c1
 40.0000    0    2.000   1.0000          NULL 
 42.0000    2    4.000   1.0000          x2c1
 46.0000    0    8.000   1.0000          NULL 
 54.0000    4    4.000   1.0000          x2c2
 58.0000    0    4.000   1.0000          NULL 
 62.0000    3    4.000   1.0000          x1c2
 66.0000    0   10.000   1.0000          NULL 
 76.0000    2    4.000   1.0000          x2c1
 80.0000    0    4.000   1.0000          NULL 
 84.0000    4    4.000   1.0000          x2c2
 88.0000    0    2.000   1.0000          NULL 
 90.0000    4    4.000   1.0000          x2c2
 94.0000    0   10.000   1.0000          NULL 
104.0000    1    4.000   1.0000          x1c1
108.0000    0   10.000   1.0000          NULL 
118.0000    4    4.000   1.0000          x2c2
122.0000    0   12.000   1.0000          NULL 
134.0000    3    4.000   1.0000          x1c2
138.0000    0    6.000   1.0000          NULL 
144.0000    2    4.000   1.0000          x2c1
148.0000    0    6.000   1.0000          NULL 
154.0000    2    4.000   1.0000          x2c1
158.0000    0   12.000   1.0000          NULL 
170.0000    2    4.000   1.0000          x2c1
174.0000    0   10.000   1.0000          NULL 
184.0000    1    4.000   1.0000          x1c1
188.0000    0    4.000   1.0000          NULL 
192.0000    3    4.000   1.0000          x1c2
196.0000    0   10.000   1.0000          NULL 
206.0000    3    4.000   1.0000          x1c2
210.0000    0   10.000   1.0000          NULL 
220.0000    3    4.000   1.0000          x1c2
224.0000    0   16.000   1.0000          NULL 
