  0.0000    3    4.000   1.0000          x1c2
  4.0000    0    4.000   1.0000          NULL 
  8.0000    3    4.000   1.0000          x1c2
 12.0000    0    2.000   1.0000          NULL 
 14.0000    3    4.000   1.0000          x1c2
 18.0000    0   10.000   1.0000          NULL 
 28.0000    2    4.000   1.0000          x2c1
 32.0000    0   14.000   1.0000          NULL 
 46.0000    4    4.000   1.0000          x2c2
 50.0000    0    6.000   1.0000          NULL 
 56.0000    4    4.000   1.0000          x2c2
 60.0000    0   12.000   1.0000          NULL 
 72.0000    1    4.000   1.0000          x1c1
 76.0000    0   10.000   1.0000          NULL 
 86.0000    3    4.000   1.0000          x1c2
 90.0000    0   14.000   1.0000          NULL 
104.0000    1    4.000   1.0000          x1c1
108.0000    0   12.000   1.0000          NULL 
120.0000    2    4.000   1.0000          x2c1
124.0000    0   10.000   1.0000          NULL 
134.0000    1    4.000   1.0000          x1c1
138.0000    0    8.000   1.0000          NULL 
146.0000    1    4.000   1.0000          x1c1
150.0000    0   10.000   1.0000          NULL 
160.0000    2    4.000   1.0000          x2c1
164.0000    0    2.000   1.0000          NULL 
166.0000    2    4.000   1.0000          x2c1
170.0000    0    8.000   1.0000          NULL 
178.0000    1    4.000   1.0000          x1c1
182.0000    0    2.000   1.0000          NULL 
184.0000    2    4.000   1.0000          x2c1
188.0000    0    2.000   1.0000          NULL 
190.0000    3    4.000   1.0000          x1c2
194.0000    0   10.000   1.0000          NULL 
204.0000    4    4.000   1.0000          x2c2
208.0000    0    4.000   1.0000          NULL 
212.0000    4    4.000   1.0000          x2c2
216.0000    0    8.000   1.0000          NULL 
224.0000    4    4.000   1.0000          x2c2
228.0000    0   12.000   1.0000          NULL 
