  0.0000    3    4.000   1.0000          x1c2
  4.0000    0   10.000   1.0000          NULL 
 14.0000    1    4.000   1.0000          x1c1
 18.0000    0    6.000   1.0000          NULL 
 24.0000    1    4.000   1.0000          x1c1
 28.0000    0    8.000   1.0000          NULL 
 36.0000    4    4.000   1.0000          x2c2
 40.0000    0   12.000   1.0000          NULL 
 52.0000    3    4.000   1.0000          x1c2
 56.0000    0   10.000   1.0000          NULL 
 66.0000    4    4.000   1.0000          x2c2
 70.0000    0    8.000   1.0000          NULL 
 78.0000    1    4.000   1.0000          x1c1
 82.0000    0    2.000   1.0000          NULL 
 84.0000    3    4.000   1.0000          x1c2
 88.0000    0   10.000   1.0000          NULL 
 98.0000    2    4.000   1.0000          x2c1
102.0000    0    6.000   1.0000          NULL 
108.0000    4    4.000   1.0000          x2c2
112.0000    0    8.000   1.0000          NULL 
120.0000    2    4.000   1.0000          x2c1
124.0000    0   14.000   1.0000          NULL 
138.0000    4    4.000   1.0000          x2c2
142.0000    0    6.000   1.0000          NULL 
148.0000    4    4.000   1.0000          x2c2
152.0000    0    8.000   1.0000          NULL 
160.0000    2    4.000   1.0000          x2c1
164.0000    0    2.000   1.0000          NULL 
166.0000    2    4.000   1.0000          x2c1
170.0000    0   12.000   1.0000          NULL 
182.0000    3    4.000   1.0000          x1c2
186.0000    0    2.000   1.0000          NULL 
188.0000    1    4.000   1.0000          x1c1
192.0000    0    2.000   1.0000          NULL 
194.0000    2    4.000   1.0000          x2c1
198.0000    0   10.000   1.0000          NULL 
208.0000    3    4.000   1.0000          x1c2
212.0000    0    6.000   1.0000          NULL 
218.0000    1    4.000   1.0000          x1c1
222.0000    0   18.000   1.0000          NULL 
