  0.0000    1    4.000   1.0000          x1c1
  4.0000    0    2.000   1.0000          NULL 
  6.0000    1    4.000   1.0000          x1c1
 10.0000    0   14.000   1.0000          NULL 
 24.0000    4    4.000   1.0000          x2c2
 28.0000    0    8.000   1.0000          NULL 
 36.0000    4    4.000   1.0000          x2c2
 40.0000    0    8.000   1.0000          NULL 
 48.0000    1    4.000   1.0000          x1c1
 52.0000    0    6.000   1.0000          NULL 
 58.0000    2    4.000   1.0000          x2c1
 62.0000    0   12.000   1.0000          NULL 
 74.0000    4    4.000   1.0000          x2c2
 78.0000    0    4.000   1.0000          NULL 
 82.0000    3    4.000   1.0000          x1c2
 86.0000    0    2.000   1.0000          NULL 
 88.0000    1    4.000   1.0000          x1c1
 92.0000    0    4.000   1.0000          NULL 
 96.0000    1    4.000   1.0000          x1c1
100.0000    0   12.000   1.0000          NULL 
112.0000    3    4.000   1.0000          x1c2
116.0000    0   12.000   1.0000          NULL 
128.0000    3    4.000   1.0000          x1c2
132.0000    0   12.000   1.0000          NULL 
144.0000    3    4.000   1.0000          x1c2
148.0000    0    8.000   1.0000          NULL 
156.0000    2    4.000   1.0000          x2c1
160.0000    0    4.000   1.0000          NULL 
164.0000    3    4.000   1.0000          x1c2
168.0000    0    6.000   1.0000          NULL 
174.0000    4    4.000   1.0000          x2c2
178.0000    0    4.000   1.0000          NULL 
182.0000    4    4.000   1.0000          x2c2
186.0000    0   14.000   1.0000          NULL 
200.0000    2    4.000   1.0000          x2c1
204.0000    0    6.000   1.0000          NULL 
210.0000    2    4.000   1.0000          x2c1
214.0000    0   10.000   1.0000          NULL 
224.0000    2    4.000   1.0000          x2c1
228.0000    0   12.000   1.0000          NULL 
