  0.0000    2    4.000   1.0000          x2c1
  4.0000    0   14.000   1.0000          NULL 
 18.0000    3    4.000   1.0000          x1c2
 22.0000    0    4.000   1.0000          NULL 
 26.0000    4    4.000   1.0000          x2c2
 30.0000    0    6.000   1.0000          NULL 
 36.0000    4    4.000   1.0000          x2c2
 40.0000    0    8.000   1.0000          NULL 
 48.0000    2    4.000   1.0000          x2c1
 52.0000    0    6.000   1.0000          NULL 
 58.0000    2    4.000   1.0000          x2c1
 62.0000    0    2.000   1.0000          NULL 
 64.0000    3    4.000   1.0000          x1c2
 68.0000    0   10.000   1.0000          NULL 
 78.0000    3    4.000   1.0000          x1c2
 82.0000    0    6.000   1.0000          NULL 
 88.0000    1    4.000   1.0000          x1c1
 92.0000    0    8.000   1.0000          NULL 
100.0000    3    4.000   1.0000          x1c2
104.0000    0   12.000   1.0000          NULL 
116.0000    1    4.000   1.0000          x1c1
120.0000    0    6.000   1.0000          NULL 
126.0000    3    4.000   1.0000          x1c2
130.0000    0   12.000   1.0000          NULL 
142.0000    2    4.000   1.0000          x2c1
146.0000    0    8.000   1.0000          NULL 
154.0000    4    4.000   1.0000          x2c2
158.0000    0   14.000   1.0000          NULL 
172.0000    1    4.000   1.0000          x1c1
176.0000    0    4.000   1.0000          NULL 
180.0000    4    4.000   1.0000          x2c2
184.0000    0    4.000   1.0000          NULL 
188.0000    4    4.000   1.0000          x2c2
192.0000    0    2.000   1.0000          NULL 
194.0000    1    4.000   1.0000          x1c1
198.0000    0   14.000   1.0000          NULL 
212.0000    1    4.000   1.0000          x1c1
216.0000    0   10.000   1.0000          NULL 
226.0000    2    4.000   1.0000          x2c1
230.0000    0   10.000   1.0000          NULL 
