  0.0000    2    4.000   1.0000          x2c1
  4.0000    0    4.000   1.0000          NULL 
  8.0000    4    4.000   1.0000          x2c2
 12.0000    0    8.000   1.0000          NULL 
 20.0000    1    4.000   1.0000          x1c1
 24.0000    0    8.000   1.0000          NULL 
 32.0000    3    4.000   1.0000          x1c2
 36.0000    0    4.000   1.0000          NULL 
 40.0000    1    4.000   1.0000          x1c1
 44.0000    0    4.000   1.0000          NULL 
 48.0000    3    4.000   1.0000          x1c2
 52.0000    0   12.000   1.0000          NULL 
 64.0000    2    4.000   1.0000          x2c1
 68.0000    0   10.000   1.0000          NULL 
 78.0000    2    4.000   1.0000          x2c1
 82.0000    0   14.000   1.0000          NULL 
 96.0000    4    4.000   1.0000          x2c2
100.0000    0    8.000   1.0000          NULL 
108.0000    2    4.000   1.0000          x2c1
112.0000    0   10.000   1.0000          NULL 
122.0000    2    4.000   1.0000          x2c1
126.0000    0    4.000   1.0000          NULL 
130.0000    3    4.000   1.0000          x1c2
134.0000    0    8.000   1.0000          NULL 
142.0000    4    4.000   1.0000          x2c2
146.0000    0    2.000   1.0000          NULL 
148.0000    1    4.000   1.0000          x1c1
152.0000    0    8.000   1.0000          NULL 
160.0000    4    4.000   1.0000          x2c2
164.0000    0   10.000   1.0000          NULL 
174.0000    4    4.000   1.0000          x2c2
178.0000    0    8.000   1.0000          NULL 
186.0000    3    4.000   1.0000          x1c2
190.0000    0    6.000   1.0000          NULL 
196.0000    3    4.000   1.0000          x1c2
200.0000    0    6.000   1.0000          NULL 
206.0000    1    4.000   1.0000          x1c1
210.0000    0   10.000   1.0000          NULL 
220.0000    1    4.000   1.0000          x1c1
224.0000    0   16.000   1.0000          NULL 
