  0.0000    1    4.000   1.0000          x1c1
  4.0000    0    8.000   1.0000          NULL 
 12.0000    4    4.000   1.0000          x2c2
 16.0000    0    2.000   1.0000          NULL 
 18.0000    1    4.000   1.0000          x1c1
 22.0000    0    8.000   1.0000          NULL 
 30.0000    3    4.000   1.0000          x1c2
 34.0000    0    6.000   1.0000          NULL 
 40.0000    4    4.000   1.0000          x2c2
 44.0000    0    2.000   1.0000          NULL 
 46.0000    3    4.000   1.0000          x1c2
 50.0000    0    6.000   1.0000          NULL 
 56.0000    1    4.000   1.0000          x1c1
 60.0000    0    8.000   1.0000          NULL 
 68.0000    1    4.000   1.0000          x1c1
 72.0000    0   14.000   1.0000          NULL 
 86.0000    3    4.000   1.0000          x1c2
 90.0000    0    8.000   1.0000          NULL 
 98.0000    4    4.000   1.0000          x2c2
102.0000    0   12.000   1.0000          NULL 
114.0000    2    4.000   1.0000          x2c1
118.0000    0    8.000   1.0000          NULL 
126.0000    4    4.000   1.0000          x2c2
130.0000    0   14.000   1.0000          NULL 
144.0000    3    4.000   1.0000          x1c2
148.0000    0    6.000   1.0000          NULL 
154.0000    2    4.000   1.0000          x2c1
158.0000    0    8.000   1.0000          NULL 
166.0000    2    4.000   1.0000          x2c1
170.0000    0    8.000   1.0000          NULL 
178.0000    2    4.000   1.0000          x2c1
182.0000    0    6.000   1.0000          NULL 
188.0000    4    4.000   1.0000          x2c2
192.0000    0   10.000   1.0000          NULL 
202.0000    1    4.000   1.0000          x1c1
206.0000    0    4.000   1.0000          NULL 
210.0000    3    4.000   1.0000          x1c2
214.0000    0    8.000   1.0000          NULL 
222.0000    2    4.000   1.0000          x2c1
226.0000    0   14.000   1.0000          NULL 
